# sigma_z/sigma_R log_{10} M_{rm BH} lnprob
9.000492061342992844e-01 9.029874553750847355e+00 -3.679931044536070549e+05
8.644255325840083382e-01 8.984407475233675555e+00 -3.676338931151918368e+05
8.668312766879058273e-01 9.118428999789129463e+00 -3.548122030760322232e+05
8.420122806951082506e-01 9.167413204807649763e+00 -3.460587430261858972e+05
8.103049978514682561e-01 9.176835743800454637e+00 -3.405824667809189996e+05
7.331491639749847522e-01 9.261816000445062258e+00 -3.182274447501366958e+05
7.331491639749847522e-01 9.261816000445062258e+00 -3.182274447501366958e+05
7.331491639749847522e-01 9.261816000445062258e+00 -3.182274447501366958e+05
7.092232460432859042e-01 9.285869718869019351e+00 -3.110118296523290919e+05
7.092232460432859042e-01 9.285869718869019351e+00 -3.110118296523290919e+05
7.092232460432859042e-01 9.285869718869019351e+00 -3.110118296523290919e+05
7.092232460432859042e-01 9.285869718869019351e+00 -3.110118296523290919e+05
7.092232460432859042e-01 9.285869718869019351e+00 -3.110118296523290919e+05
7.092232460432859042e-01 9.285869718869019351e+00 -3.110118296523290919e+05
7.092232460432859042e-01 9.285869718869019351e+00 -3.110118296523290919e+05
7.092232460432859042e-01 9.285869718869019351e+00 -3.110118296523290919e+05
7.092232460432859042e-01 9.285869718869019351e+00 -3.110118296523290919e+05
7.092232460432859042e-01 9.285869718869019351e+00 -3.110118296523290919e+05
7.092232460432859042e-01 9.285869718869019351e+00 -3.110118296523290919e+05
6.693108362936709410e-01 9.413743952341850019e+00 -2.859482442948751850e+05
6.349585373701704949e-01 9.439733222468943197e+00 -2.756005769620210631e+05
6.349585373701704949e-01 9.439733222468943197e+00 -2.756005769620210631e+05
5.567693360418579651e-01 9.625892930377965229e+00 -2.311194394761471485e+05
5.567693360418579651e-01 9.625892930377965229e+00 -2.311194394761471485e+05
5.567693360418579651e-01 9.625892930377965229e+00 -2.311194394761471485e+05
5.567693360418579651e-01 9.625892930377965229e+00 -2.311194394761471485e+05
5.567693360418579651e-01 9.625892930377965229e+00 -2.311194394761471485e+05
5.567693360418579651e-01 9.625892930377965229e+00 -2.311194394761471485e+05
5.567693360418579651e-01 9.625892930377965229e+00 -2.311194394761471485e+05
5.463866142989748376e-01 9.615725750995091303e+00 -2.308833616609798628e+05
5.463866142989748376e-01 9.615725750995091303e+00 -2.308833616609798628e+05
5.463866142989748376e-01 9.615725750995091303e+00 -2.308833616609798628e+05
5.463866142989748376e-01 9.615725750995091303e+00 -2.308833616609798628e+05
5.463866142989748376e-01 9.615725750995091303e+00 -2.308833616609798628e+05
5.463866142989748376e-01 9.615725750995091303e+00 -2.308833616609798628e+05
5.463866142989748376e-01 9.615725750995091303e+00 -2.308833616609798628e+05
5.727164327690296153e-01 9.700495103649068085e+00 -2.209081916062106902e+05
5.727164327690296153e-01 9.700495103649068085e+00 -2.209081916062106902e+05
5.727164327690296153e-01 9.700495103649068085e+00 -2.209081916062106902e+05
5.727164327690296153e-01 9.700495103649068085e+00 -2.209081916062106902e+05
5.727164327690296153e-01 9.700495103649068085e+00 -2.209081916062106902e+05
5.727164327690296153e-01 9.700495103649068085e+00 -2.209081916062106902e+05
5.727164327690296153e-01 9.700495103649068085e+00 -2.209081916062106902e+05
5.349374267811287664e-01 9.721760704102464956e+00 -2.117399973486138624e+05
5.349374267811287664e-01 9.721760704102464956e+00 -2.117399973486138624e+05
5.349374267811287664e-01 9.721760704102464956e+00 -2.117399973486138624e+05
5.349374267811287664e-01 9.721760704102464956e+00 -2.117399973486138624e+05
5.349374267811287664e-01 9.721760704102464956e+00 -2.117399973486138624e+05
5.349374267811287664e-01 9.721760704102464956e+00 -2.117399973486138624e+05
5.349374267811287664e-01 9.721760704102464956e+00 -2.117399973486138624e+05
5.349374267811287664e-01 9.721760704102464956e+00 -2.117399973486138624e+05
5.349374267811287664e-01 9.721760704102464956e+00 -2.117399973486138624e+05
5.349374267811287664e-01 9.721760704102464956e+00 -2.117399973486138624e+05
5.349374267811287664e-01 9.721760704102464956e+00 -2.117399973486138624e+05
5.349374267811287664e-01 9.721760704102464956e+00 -2.117399973486138624e+05
5.205984770897281733e-01 9.718696823048118105e+00 -2.102934298640140914e+05
5.205984770897281733e-01 9.718696823048118105e+00 -2.102934298640140914e+05
5.205984770897281733e-01 9.718696823048118105e+00 -2.102934298640140914e+05
5.205984770897281733e-01 9.718696823048118105e+00 -2.102934298640140914e+05
5.205984770897281733e-01 9.718696823048118105e+00 -2.102934298640140914e+05
5.205984770897281733e-01 9.718696823048118105e+00 -2.102934298640140914e+05
5.205984770897281733e-01 9.718696823048118105e+00 -2.102934298640140914e+05
5.205984770897281733e-01 9.718696823048118105e+00 -2.102934298640140914e+05
5.205984770897281733e-01 9.718696823048118105e+00 -2.102934298640140914e+05
5.205984770897281733e-01 9.718696823048118105e+00 -2.102934298640140914e+05
5.205984770897281733e-01 9.718696823048118105e+00 -2.102934298640140914e+05
5.205984770897281733e-01 9.718696823048118105e+00 -2.102934298640140914e+05
5.205984770897281733e-01 9.718696823048118105e+00 -2.102934298640140914e+05
5.205984770897281733e-01 9.718696823048118105e+00 -2.102934298640140914e+05
5.205984770897281733e-01 9.718696823048118105e+00 -2.102934298640140914e+05
5.205984770897281733e-01 9.718696823048118105e+00 -2.102934298640140914e+05
5.205984770897281733e-01 9.718696823048118105e+00 -2.102934298640140914e+05
5.205984770897281733e-01 9.718696823048118105e+00 -2.102934298640140914e+05
5.205984770897281733e-01 9.718696823048118105e+00 -2.102934298640140914e+05
5.205984770897281733e-01 9.718696823048118105e+00 -2.102934298640140914e+05
5.205984770897281733e-01 9.718696823048118105e+00 -2.102934298640140914e+05
5.205984770897281733e-01 9.718696823048118105e+00 -2.102934298640140914e+05
5.205984770897281733e-01 9.718696823048118105e+00 -2.102934298640140914e+05
5.205984770897281733e-01 9.718696823048118105e+00 -2.102934298640140914e+05
5.205984770897281733e-01 9.718696823048118105e+00 -2.102934298640140914e+05
5.205984770897281733e-01 9.718696823048118105e+00 -2.102934298640140914e+05
5.205984770897281733e-01 9.718696823048118105e+00 -2.102934298640140914e+05
5.205984770897281733e-01 9.718696823048118105e+00 -2.102934298640140914e+05
5.205984770897281733e-01 9.718696823048118105e+00 -2.102934298640140914e+05
5.205984770897281733e-01 9.718696823048118105e+00 -2.102934298640140914e+05
5.205984770897281733e-01 9.718696823048118105e+00 -2.102934298640140914e+05
5.205984770897281733e-01 9.718696823048118105e+00 -2.102934298640140914e+05
5.205984770897281733e-01 9.718696823048118105e+00 -2.102934298640140914e+05
5.205984770897281733e-01 9.718696823048118105e+00 -2.102934298640140914e+05
5.205984770897281733e-01 9.718696823048118105e+00 -2.102934298640140914e+05
5.205984770897281733e-01 9.718696823048118105e+00 -2.102934298640140914e+05
5.205984770897281733e-01 9.718696823048118105e+00 -2.102934298640140914e+05
5.205984770897281733e-01 9.718696823048118105e+00 -2.102934298640140914e+05
5.205984770897281733e-01 9.718696823048118105e+00 -2.102934298640140914e+05
5.205984770897281733e-01 9.718696823048118105e+00 -2.102934298640140914e+05
5.205984770897281733e-01 9.718696823048118105e+00 -2.102934298640140914e+05
5.205984770897281733e-01 9.718696823048118105e+00 -2.102934298640140914e+05
5.117487610266642228e-01 9.733804955101634349e+00 -2.067917420544031775e+05
5.117487610266642228e-01 9.733804955101634349e+00 -2.067917420544031775e+05
5.117487610266642228e-01 9.733804955101634349e+00 -2.067917420544031775e+05
5.117487610266642228e-01 9.733804955101634349e+00 -2.067917420544031775e+05
5.117487610266642228e-01 9.733804955101634349e+00 -2.067917420544031775e+05
5.117487610266642228e-01 9.733804955101634349e+00 -2.067917420544031775e+05
5.117487610266642228e-01 9.733804955101634349e+00 -2.067917420544031775e+05
5.117487610266642228e-01 9.733804955101634349e+00 -2.067917420544031775e+05
5.117487610266642228e-01 9.733804955101634349e+00 -2.067917420544031775e+05
5.117487610266642228e-01 9.733804955101634349e+00 -2.067917420544031775e+05
5.117487610266642228e-01 9.733804955101634349e+00 -2.067917420544031775e+05
5.117487610266642228e-01 9.733804955101634349e+00 -2.067917420544031775e+05
5.117487610266642228e-01 9.733804955101634349e+00 -2.067917420544031775e+05
5.117487610266642228e-01 9.733804955101634349e+00 -2.067917420544031775e+05
5.117487610266642228e-01 9.733804955101634349e+00 -2.067917420544031775e+05
5.117487610266642228e-01 9.733804955101634349e+00 -2.067917420544031775e+05
5.117487610266642228e-01 9.733804955101634349e+00 -2.067917420544031775e+05
5.117487610266642228e-01 9.733804955101634349e+00 -2.067917420544031775e+05
5.117487610266642228e-01 9.733804955101634349e+00 -2.067917420544031775e+05
5.117487610266642228e-01 9.733804955101634349e+00 -2.067917420544031775e+05
5.117487610266642228e-01 9.733804955101634349e+00 -2.067917420544031775e+05
5.117487610266642228e-01 9.733804955101634349e+00 -2.067917420544031775e+05
5.117487610266642228e-01 9.733804955101634349e+00 -2.067917420544031775e+05
5.117487610266642228e-01 9.733804955101634349e+00 -2.067917420544031775e+05
5.117487610266642228e-01 9.733804955101634349e+00 -2.067917420544031775e+05
5.117487610266642228e-01 9.733804955101634349e+00 -2.067917420544031775e+05
5.117487610266642228e-01 9.733804955101634349e+00 -2.067917420544031775e+05
5.117487610266642228e-01 9.733804955101634349e+00 -2.067917420544031775e+05
5.117487610266642228e-01 9.733804955101634349e+00 -2.067917420544031775e+05
5.117487610266642228e-01 9.733804955101634349e+00 -2.067917420544031775e+05
5.117487610266642228e-01 9.733804955101634349e+00 -2.067917420544031775e+05
5.117487610266642228e-01 9.733804955101634349e+00 -2.067917420544031775e+05
5.117487610266642228e-01 9.733804955101634349e+00 -2.067917420544031775e+05
5.117487610266642228e-01 9.733804955101634349e+00 -2.067917420544031775e+05
5.117487610266642228e-01 9.733804955101634349e+00 -2.067917420544031775e+05
5.117487610266642228e-01 9.733804955101634349e+00 -2.067917420544031775e+05
5.117487610266642228e-01 9.733804955101634349e+00 -2.067917420544031775e+05
5.117487610266642228e-01 9.733804955101634349e+00 -2.067917420544031775e+05
5.117487610266642228e-01 9.733804955101634349e+00 -2.067917420544031775e+05
5.117487610266642228e-01 9.733804955101634349e+00 -2.067917420544031775e+05
5.117487610266642228e-01 9.733804955101634349e+00 -2.067917420544031775e+05
5.117487610266642228e-01 9.733804955101634349e+00 -2.067917420544031775e+05
5.117487610266642228e-01 9.733804955101634349e+00 -2.067917420544031775e+05
5.117487610266642228e-01 9.733804955101634349e+00 -2.067917420544031775e+05
5.117487610266642228e-01 9.733804955101634349e+00 -2.067917420544031775e+05
5.117487610266642228e-01 9.733804955101634349e+00 -2.067917420544031775e+05
5.117487610266642228e-01 9.733804955101634349e+00 -2.067917420544031775e+05
5.117487610266642228e-01 9.733804955101634349e+00 -2.067917420544031775e+05
5.117487610266642228e-01 9.733804955101634349e+00 -2.067917420544031775e+05
5.117487610266642228e-01 9.733804955101634349e+00 -2.067917420544031775e+05
5.117487610266642228e-01 9.733804955101634349e+00 -2.067917420544031775e+05
5.117487610266642228e-01 9.733804955101634349e+00 -2.067917420544031775e+05
5.117487610266642228e-01 9.733804955101634349e+00 -2.067917420544031775e+05
5.117487610266642228e-01 9.733804955101634349e+00 -2.067917420544031775e+05
5.117487610266642228e-01 9.733804955101634349e+00 -2.067917420544031775e+05
5.117487610266642228e-01 9.733804955101634349e+00 -2.067917420544031775e+05
5.034670260163683908e-01 9.805081491469568533e+00 -1.950162321735800942e+05
5.034670260163683908e-01 9.805081491469568533e+00 -1.950162321735800942e+05
5.034670260163683908e-01 9.805081491469568533e+00 -1.950162321735800942e+05
5.034670260163683908e-01 9.805081491469568533e+00 -1.950162321735800942e+05
5.034670260163683908e-01 9.805081491469568533e+00 -1.950162321735800942e+05
5.034670260163683908e-01 9.805081491469568533e+00 -1.950162321735800942e+05
5.034670260163683908e-01 9.805081491469568533e+00 -1.950162321735800942e+05
5.034670260163683908e-01 9.805081491469568533e+00 -1.950162321735800942e+05
5.034670260163683908e-01 9.805081491469568533e+00 -1.950162321735800942e+05
5.034670260163683908e-01 9.805081491469568533e+00 -1.950162321735800942e+05
5.034670260163683908e-01 9.805081491469568533e+00 -1.950162321735800942e+05
5.034670260163683908e-01 9.805081491469568533e+00 -1.950162321735800942e+05
5.034670260163683908e-01 9.805081491469568533e+00 -1.950162321735800942e+05
5.034670260163683908e-01 9.805081491469568533e+00 -1.950162321735800942e+05
5.034670260163683908e-01 9.805081491469568533e+00 -1.950162321735800942e+05
5.034670260163683908e-01 9.805081491469568533e+00 -1.950162321735800942e+05
5.034670260163683908e-01 9.805081491469568533e+00 -1.950162321735800942e+05
5.034670260163683908e-01 9.805081491469568533e+00 -1.950162321735800942e+05
5.034670260163683908e-01 9.805081491469568533e+00 -1.950162321735800942e+05
5.034670260163683908e-01 9.805081491469568533e+00 -1.950162321735800942e+05
5.034670260163683908e-01 9.805081491469568533e+00 -1.950162321735800942e+05
5.034670260163683908e-01 9.805081491469568533e+00 -1.950162321735800942e+05
5.034670260163683908e-01 9.805081491469568533e+00 -1.950162321735800942e+05
5.034670260163683908e-01 9.805081491469568533e+00 -1.950162321735800942e+05
5.034670260163683908e-01 9.805081491469568533e+00 -1.950162321735800942e+05
5.034670260163683908e-01 9.805081491469568533e+00 -1.950162321735800942e+05
5.034670260163683908e-01 9.805081491469568533e+00 -1.950162321735800942e+05
5.034670260163683908e-01 9.805081491469568533e+00 -1.950162321735800942e+05
5.034670260163683908e-01 9.805081491469568533e+00 -1.950162321735800942e+05
5.034670260163683908e-01 9.805081491469568533e+00 -1.950162321735800942e+05
5.034670260163683908e-01 9.805081491469568533e+00 -1.950162321735800942e+05
5.034670260163683908e-01 9.805081491469568533e+00 -1.950162321735800942e+05
5.034670260163683908e-01 9.805081491469568533e+00 -1.950162321735800942e+05
5.034670260163683908e-01 9.805081491469568533e+00 -1.950162321735800942e+05
5.034670260163683908e-01 9.805081491469568533e+00 -1.950162321735800942e+05
5.034670260163683908e-01 9.805081491469568533e+00 -1.950162321735800942e+05
5.034670260163683908e-01 9.805081491469568533e+00 -1.950162321735800942e+05
5.034670260163683908e-01 9.805081491469568533e+00 -1.950162321735800942e+05
5.034670260163683908e-01 9.805081491469568533e+00 -1.950162321735800942e+05
5.034670260163683908e-01 9.805081491469568533e+00 -1.950162321735800942e+05
5.034670260163683908e-01 9.805081491469568533e+00 -1.950162321735800942e+05
5.034670260163683908e-01 9.805081491469568533e+00 -1.950162321735800942e+05
5.034670260163683908e-01 9.805081491469568533e+00 -1.950162321735800942e+05
5.034670260163683908e-01 9.805081491469568533e+00 -1.950162321735800942e+05
5.034670260163683908e-01 9.805081491469568533e+00 -1.950162321735800942e+05
5.034670260163683908e-01 9.805081491469568533e+00 -1.950162321735800942e+05
5.034670260163683908e-01 9.805081491469568533e+00 -1.950162321735800942e+05
5.034670260163683908e-01 9.805081491469568533e+00 -1.950162321735800942e+05
5.034670260163683908e-01 9.805081491469568533e+00 -1.950162321735800942e+05
5.034670260163683908e-01 9.805081491469568533e+00 -1.950162321735800942e+05
5.034670260163683908e-01 9.805081491469568533e+00 -1.950162321735800942e+05
5.034670260163683908e-01 9.805081491469568533e+00 -1.950162321735800942e+05
5.034670260163683908e-01 9.805081491469568533e+00 -1.950162321735800942e+05
5.034670260163683908e-01 9.805081491469568533e+00 -1.950162321735800942e+05
5.034670260163683908e-01 9.805081491469568533e+00 -1.950162321735800942e+05
5.034670260163683908e-01 9.805081491469568533e+00 -1.950162321735800942e+05
5.034670260163683908e-01 9.805081491469568533e+00 -1.950162321735800942e+05
5.034670260163683908e-01 9.805081491469568533e+00 -1.950162321735800942e+05
5.034670260163683908e-01 9.805081491469568533e+00 -1.950162321735800942e+05
5.034670260163683908e-01 9.805081491469568533e+00 -1.950162321735800942e+05
5.034670260163683908e-01 9.805081491469568533e+00 -1.950162321735800942e+05
5.034670260163683908e-01 9.805081491469568533e+00 -1.950162321735800942e+05
5.034670260163683908e-01 9.805081491469568533e+00 -1.950162321735800942e+05
5.034670260163683908e-01 9.805081491469568533e+00 -1.950162321735800942e+05
5.034670260163683908e-01 9.805081491469568533e+00 -1.950162321735800942e+05
5.034670260163683908e-01 9.805081491469568533e+00 -1.950162321735800942e+05
5.034670260163683908e-01 9.805081491469568533e+00 -1.950162321735800942e+05
5.034670260163683908e-01 9.805081491469568533e+00 -1.950162321735800942e+05
5.034670260163683908e-01 9.805081491469568533e+00 -1.950162321735800942e+05
5.034670260163683908e-01 9.805081491469568533e+00 -1.950162321735800942e+05
5.034670260163683908e-01 9.805081491469568533e+00 -1.950162321735800942e+05
5.034670260163683908e-01 9.805081491469568533e+00 -1.950162321735800942e+05
5.034670260163683908e-01 9.805081491469568533e+00 -1.950162321735800942e+05
5.034670260163683908e-01 9.805081491469568533e+00 -1.950162321735800942e+05
5.034670260163683908e-01 9.805081491469568533e+00 -1.950162321735800942e+05
5.124867584526728859e-01 9.843809520486692222e+00 -1.894552947971979738e+05
5.124867584526728859e-01 9.843809520486692222e+00 -1.894552947971979738e+05
5.124867584526728859e-01 9.843809520486692222e+00 -1.894552947971979738e+05
5.124867584526728859e-01 9.843809520486692222e+00 -1.894552947971979738e+05
5.124867584526728859e-01 9.843809520486692222e+00 -1.894552947971979738e+05
5.124867584526728859e-01 9.843809520486692222e+00 -1.894552947971979738e+05
5.124867584526728859e-01 9.843809520486692222e+00 -1.894552947971979738e+05
5.124867584526728859e-01 9.843809520486692222e+00 -1.894552947971979738e+05
5.124867584526728859e-01 9.843809520486692222e+00 -1.894552947971979738e+05
5.124867584526728859e-01 9.843809520486692222e+00 -1.894552947971979738e+05
5.124867584526728859e-01 9.843809520486692222e+00 -1.894552947971979738e+05
5.124867584526728859e-01 9.843809520486692222e+00 -1.894552947971979738e+05
5.124867584526728859e-01 9.843809520486692222e+00 -1.894552947971979738e+05
5.124867584526728859e-01 9.843809520486692222e+00 -1.894552947971979738e+05
5.124867584526728859e-01 9.843809520486692222e+00 -1.894552947971979738e+05
5.124867584526728859e-01 9.843809520486692222e+00 -1.894552947971979738e+05
5.124867584526728859e-01 9.843809520486692222e+00 -1.894552947971979738e+05
5.124867584526728859e-01 9.843809520486692222e+00 -1.894552947971979738e+05
5.124867584526728859e-01 9.843809520486692222e+00 -1.894552947971979738e+05
5.124867584526728859e-01 9.843809520486692222e+00 -1.894552947971979738e+05
5.124867584526728859e-01 9.843809520486692222e+00 -1.894552947971979738e+05
5.124867584526728859e-01 9.843809520486692222e+00 -1.894552947971979738e+05
5.124867584526728859e-01 9.843809520486692222e+00 -1.894552947971979738e+05
5.124867584526728859e-01 9.843809520486692222e+00 -1.894552947971979738e+05
5.124867584526728859e-01 9.843809520486692222e+00 -1.894552947971979738e+05
5.124867584526728859e-01 9.843809520486692222e+00 -1.894552947971979738e+05
5.124867584526728859e-01 9.843809520486692222e+00 -1.894552947971979738e+05
5.124867584526728859e-01 9.843809520486692222e+00 -1.894552947971979738e+05
5.124867584526728859e-01 9.843809520486692222e+00 -1.894552947971979738e+05
5.124867584526728859e-01 9.843809520486692222e+00 -1.894552947971979738e+05
5.124867584526728859e-01 9.843809520486692222e+00 -1.894552947971979738e+05
5.298727853366910212e-01 9.917866354127736983e+00 -1.776437357860727352e+05
5.298727853366910212e-01 9.917866354127736983e+00 -1.776437357860727352e+05
5.298727853366910212e-01 9.917866354127736983e+00 -1.776437357860727352e+05
5.298727853366910212e-01 9.917866354127736983e+00 -1.776437357860727352e+05
5.298727853366910212e-01 9.917866354127736983e+00 -1.776437357860727352e+05
5.298727853366910212e-01 9.917866354127736983e+00 -1.776437357860727352e+05
5.298727853366910212e-01 9.917866354127736983e+00 -1.776437357860727352e+05
5.298727853366910212e-01 9.917866354127736983e+00 -1.776437357860727352e+05
5.298727853366910212e-01 9.917866354127736983e+00 -1.776437357860727352e+05
5.298727853366910212e-01 9.917866354127736983e+00 -1.776437357860727352e+05
5.298727853366910212e-01 9.917866354127736983e+00 -1.776437357860727352e+05
5.265537484784305056e-01 1.013273986268107762e+01 -1.437195058089798258e+05
5.265537484784305056e-01 1.013273986268107762e+01 -1.437195058089798258e+05
5.265537484784305056e-01 1.013273986268107762e+01 -1.437195058089798258e+05
5.265537484784305056e-01 1.013273986268107762e+01 -1.437195058089798258e+05
5.265537484784305056e-01 1.013273986268107762e+01 -1.437195058089798258e+05
5.265537484784305056e-01 1.013273986268107762e+01 -1.437195058089798258e+05
5.265537484784305056e-01 1.013273986268107762e+01 -1.437195058089798258e+05
5.265537484784305056e-01 1.013273986268107762e+01 -1.437195058089798258e+05
5.265537484784305056e-01 1.013273986268107762e+01 -1.437195058089798258e+05
5.265537484784305056e-01 1.013273986268107762e+01 -1.437195058089798258e+05
5.265537484784305056e-01 1.013273986268107762e+01 -1.437195058089798258e+05
5.265537484784305056e-01 1.013273986268107762e+01 -1.437195058089798258e+05
5.265537484784305056e-01 1.013273986268107762e+01 -1.437195058089798258e+05
5.265537484784305056e-01 1.013273986268107762e+01 -1.437195058089798258e+05
5.265537484784305056e-01 1.013273986268107762e+01 -1.437195058089798258e+05
5.265537484784305056e-01 1.013273986268107762e+01 -1.437195058089798258e+05
5.265537484784305056e-01 1.013273986268107762e+01 -1.437195058089798258e+05
5.265537484784305056e-01 1.013273986268107762e+01 -1.437195058089798258e+05
5.265537484784305056e-01 1.013273986268107762e+01 -1.437195058089798258e+05
6.405762931954319672e-01 1.015586243624735907e+01 -1.311037497031987878e+05
6.405762931954319672e-01 1.015586243624735907e+01 -1.311037497031987878e+05
6.405762931954319672e-01 1.015586243624735907e+01 -1.311037497031987878e+05
6.405762931954319672e-01 1.015586243624735907e+01 -1.311037497031987878e+05
6.405762931954319672e-01 1.015586243624735907e+01 -1.311037497031987878e+05
6.405762931954319672e-01 1.015586243624735907e+01 -1.311037497031987878e+05
6.405762931954319672e-01 1.015586243624735907e+01 -1.311037497031987878e+05
6.405762931954319672e-01 1.015586243624735907e+01 -1.311037497031987878e+05
6.405762931954319672e-01 1.015586243624735907e+01 -1.311037497031987878e+05
6.405762931954319672e-01 1.015586243624735907e+01 -1.311037497031987878e+05
5.906816224616396882e-01 1.017314883996841601e+01 -1.294468000027550152e+05
5.906816224616396882e-01 1.017314883996841601e+01 -1.294468000027550152e+05
5.906816224616396882e-01 1.017314883996841601e+01 -1.294468000027550152e+05
5.906816224616396882e-01 1.017314883996841601e+01 -1.294468000027550152e+05
5.906816224616396882e-01 1.017314883996841601e+01 -1.294468000027550152e+05
5.906816224616396882e-01 1.017314883996841601e+01 -1.294468000027550152e+05
5.906816224616396882e-01 1.017314883996841601e+01 -1.294468000027550152e+05
5.906816224616396882e-01 1.017314883996841601e+01 -1.294468000027550152e+05
5.906816224616396882e-01 1.017314883996841601e+01 -1.294468000027550152e+05
5.906816224616396882e-01 1.017314883996841601e+01 -1.294468000027550152e+05
5.906816224616396882e-01 1.017314883996841601e+01 -1.294468000027550152e+05
5.906816224616396882e-01 1.017314883996841601e+01 -1.294468000027550152e+05
5.906816224616396882e-01 1.017314883996841601e+01 -1.294468000027550152e+05
5.906816224616396882e-01 1.017314883996841601e+01 -1.294468000027550152e+05
5.906816224616396882e-01 1.017314883996841601e+01 -1.294468000027550152e+05
5.906816224616396882e-01 1.017314883996841601e+01 -1.294468000027550152e+05
5.906816224616396882e-01 1.017314883996841601e+01 -1.294468000027550152e+05
5.906816224616396882e-01 1.017314883996841601e+01 -1.294468000027550152e+05
5.906816224616396882e-01 1.017314883996841601e+01 -1.294468000027550152e+05
5.906816224616396882e-01 1.017314883996841601e+01 -1.294468000027550152e+05
5.906816224616396882e-01 1.017314883996841601e+01 -1.294468000027550152e+05
5.906816224616396882e-01 1.017314883996841601e+01 -1.294468000027550152e+05
5.906816224616396882e-01 1.017314883996841601e+01 -1.294468000027550152e+05
5.906816224616396882e-01 1.017314883996841601e+01 -1.294468000027550152e+05
5.906816224616396882e-01 1.017314883996841601e+01 -1.294468000027550152e+05
5.906816224616396882e-01 1.017314883996841601e+01 -1.294468000027550152e+05
5.906816224616396882e-01 1.017314883996841601e+01 -1.294468000027550152e+05
5.906816224616396882e-01 1.017314883996841601e+01 -1.294468000027550152e+05
5.906816224616396882e-01 1.017314883996841601e+01 -1.294468000027550152e+05
5.906816224616396882e-01 1.017314883996841601e+01 -1.294468000027550152e+05
5.906816224616396882e-01 1.017314883996841601e+01 -1.294468000027550152e+05
5.906816224616396882e-01 1.017314883996841601e+01 -1.294468000027550152e+05
5.906816224616396882e-01 1.017314883996841601e+01 -1.294468000027550152e+05
5.906816224616396882e-01 1.017314883996841601e+01 -1.294468000027550152e+05
5.906816224616396882e-01 1.017314883996841601e+01 -1.294468000027550152e+05
5.906816224616396882e-01 1.017314883996841601e+01 -1.294468000027550152e+05
5.906816224616396882e-01 1.017314883996841601e+01 -1.294468000027550152e+05
5.906816224616396882e-01 1.017314883996841601e+01 -1.294468000027550152e+05
5.906816224616396882e-01 1.017314883996841601e+01 -1.294468000027550152e+05
5.906816224616396882e-01 1.017314883996841601e+01 -1.294468000027550152e+05
5.906816224616396882e-01 1.017314883996841601e+01 -1.294468000027550152e+05
5.906816224616396882e-01 1.017314883996841601e+01 -1.294468000027550152e+05
5.906816224616396882e-01 1.017314883996841601e+01 -1.294468000027550152e+05
5.906816224616396882e-01 1.017314883996841601e+01 -1.294468000027550152e+05
5.906816224616396882e-01 1.017314883996841601e+01 -1.294468000027550152e+05
5.906816224616396882e-01 1.017314883996841601e+01 -1.294468000027550152e+05
5.906816224616396882e-01 1.017314883996841601e+01 -1.294468000027550152e+05
5.906816224616396882e-01 1.017314883996841601e+01 -1.294468000027550152e+05
5.906816224616396882e-01 1.017314883996841601e+01 -1.294468000027550152e+05
5.906816224616396882e-01 1.017314883996841601e+01 -1.294468000027550152e+05
5.906816224616396882e-01 1.017314883996841601e+01 -1.294468000027550152e+05
5.906816224616396882e-01 1.017314883996841601e+01 -1.294468000027550152e+05
5.906816224616396882e-01 1.017314883996841601e+01 -1.294468000027550152e+05
5.906816224616396882e-01 1.017314883996841601e+01 -1.294468000027550152e+05
5.906816224616396882e-01 1.017314883996841601e+01 -1.294468000027550152e+05
5.906816224616396882e-01 1.017314883996841601e+01 -1.294468000027550152e+05
5.906816224616396882e-01 1.017314883996841601e+01 -1.294468000027550152e+05
5.906816224616396882e-01 1.017314883996841601e+01 -1.294468000027550152e+05
6.398223134106599819e-01 1.019033894331775691e+01 -1.239809470394763339e+05
6.398223134106599819e-01 1.019033894331775691e+01 -1.239809470394763339e+05
6.398223134106599819e-01 1.019033894331775691e+01 -1.239809470394763339e+05
6.398223134106599819e-01 1.019033894331775691e+01 -1.239809470394763339e+05
6.398223134106599819e-01 1.019033894331775691e+01 -1.239809470394763339e+05
6.398223134106599819e-01 1.019033894331775691e+01 -1.239809470394763339e+05
6.398223134106599819e-01 1.019033894331775691e+01 -1.239809470394763339e+05
6.398223134106599819e-01 1.019033894331775691e+01 -1.239809470394763339e+05
6.398223134106599819e-01 1.019033894331775691e+01 -1.239809470394763339e+05
6.398223134106599819e-01 1.019033894331775691e+01 -1.239809470394763339e+05
6.398223134106599819e-01 1.019033894331775691e+01 -1.239809470394763339e+05
6.398223134106599819e-01 1.019033894331775691e+01 -1.239809470394763339e+05
6.398223134106599819e-01 1.019033894331775691e+01 -1.239809470394763339e+05
6.398223134106599819e-01 1.019033894331775691e+01 -1.239809470394763339e+05
6.398223134106599819e-01 1.019033894331775691e+01 -1.239809470394763339e+05
6.398223134106599819e-01 1.019033894331775691e+01 -1.239809470394763339e+05
6.398223134106599819e-01 1.019033894331775691e+01 -1.239809470394763339e+05
6.398223134106599819e-01 1.019033894331775691e+01 -1.239809470394763339e+05
6.398223134106599819e-01 1.019033894331775691e+01 -1.239809470394763339e+05
6.398223134106599819e-01 1.019033894331775691e+01 -1.239809470394763339e+05
6.398223134106599819e-01 1.019033894331775691e+01 -1.239809470394763339e+05
6.398223134106599819e-01 1.019033894331775691e+01 -1.239809470394763339e+05
6.398223134106599819e-01 1.019033894331775691e+01 -1.239809470394763339e+05
6.398223134106599819e-01 1.019033894331775691e+01 -1.239809470394763339e+05
6.398223134106599819e-01 1.019033894331775691e+01 -1.239809470394763339e+05
6.398223134106599819e-01 1.019033894331775691e+01 -1.239809470394763339e+05
6.398223134106599819e-01 1.019033894331775691e+01 -1.239809470394763339e+05
6.398223134106599819e-01 1.019033894331775691e+01 -1.239809470394763339e+05
6.398223134106599819e-01 1.019033894331775691e+01 -1.239809470394763339e+05
6.398223134106599819e-01 1.019033894331775691e+01 -1.239809470394763339e+05
6.398223134106599819e-01 1.019033894331775691e+01 -1.239809470394763339e+05
6.398223134106599819e-01 1.019033894331775691e+01 -1.239809470394763339e+05
6.398223134106599819e-01 1.019033894331775691e+01 -1.239809470394763339e+05
6.398223134106599819e-01 1.019033894331775691e+01 -1.239809470394763339e+05
6.398223134106599819e-01 1.019033894331775691e+01 -1.239809470394763339e+05
6.398223134106599819e-01 1.019033894331775691e+01 -1.239809470394763339e+05
6.398223134106599819e-01 1.019033894331775691e+01 -1.239809470394763339e+05
6.398223134106599819e-01 1.019033894331775691e+01 -1.239809470394763339e+05
6.398223134106599819e-01 1.019033894331775691e+01 -1.239809470394763339e+05
6.398223134106599819e-01 1.019033894331775691e+01 -1.239809470394763339e+05
6.398223134106599819e-01 1.019033894331775691e+01 -1.239809470394763339e+05
6.398223134106599819e-01 1.019033894331775691e+01 -1.239809470394763339e+05
6.398223134106599819e-01 1.019033894331775691e+01 -1.239809470394763339e+05
6.398223134106599819e-01 1.019033894331775691e+01 -1.239809470394763339e+05
6.398223134106599819e-01 1.019033894331775691e+01 -1.239809470394763339e+05
6.398223134106599819e-01 1.019033894331775691e+01 -1.239809470394763339e+05
6.398223134106599819e-01 1.019033894331775691e+01 -1.239809470394763339e+05
6.398223134106599819e-01 1.019033894331775691e+01 -1.239809470394763339e+05
6.398223134106599819e-01 1.019033894331775691e+01 -1.239809470394763339e+05
6.398223134106599819e-01 1.019033894331775691e+01 -1.239809470394763339e+05
6.398223134106599819e-01 1.019033894331775691e+01 -1.239809470394763339e+05
6.398223134106599819e-01 1.019033894331775691e+01 -1.239809470394763339e+05
6.398223134106599819e-01 1.019033894331775691e+01 -1.239809470394763339e+05
6.398223134106599819e-01 1.019033894331775691e+01 -1.239809470394763339e+05
6.398223134106599819e-01 1.019033894331775691e+01 -1.239809470394763339e+05
6.398223134106599819e-01 1.019033894331775691e+01 -1.239809470394763339e+05
6.398223134106599819e-01 1.019033894331775691e+01 -1.239809470394763339e+05
6.398223134106599819e-01 1.019033894331775691e+01 -1.239809470394763339e+05
6.398223134106599819e-01 1.019033894331775691e+01 -1.239809470394763339e+05
6.398223134106599819e-01 1.019033894331775691e+01 -1.239809470394763339e+05
6.398223134106599819e-01 1.019033894331775691e+01 -1.239809470394763339e+05
6.398223134106599819e-01 1.019033894331775691e+01 -1.239809470394763339e+05
6.398223134106599819e-01 1.019033894331775691e+01 -1.239809470394763339e+05
6.398223134106599819e-01 1.019033894331775691e+01 -1.239809470394763339e+05
6.398223134106599819e-01 1.019033894331775691e+01 -1.239809470394763339e+05
6.398223134106599819e-01 1.019033894331775691e+01 -1.239809470394763339e+05
6.398223134106599819e-01 1.019033894331775691e+01 -1.239809470394763339e+05
6.398223134106599819e-01 1.019033894331775691e+01 -1.239809470394763339e+05
6.398223134106599819e-01 1.019033894331775691e+01 -1.239809470394763339e+05
6.398223134106599819e-01 1.019033894331775691e+01 -1.239809470394763339e+05
6.398223134106599819e-01 1.019033894331775691e+01 -1.239809470394763339e+05
6.398223134106599819e-01 1.019033894331775691e+01 -1.239809470394763339e+05
6.398223134106599819e-01 1.019033894331775691e+01 -1.239809470394763339e+05
6.398223134106599819e-01 1.019033894331775691e+01 -1.239809470394763339e+05
6.398223134106599819e-01 1.019033894331775691e+01 -1.239809470394763339e+05
6.398223134106599819e-01 1.019033894331775691e+01 -1.239809470394763339e+05
6.398223134106599819e-01 1.019033894331775691e+01 -1.239809470394763339e+05
6.398223134106599819e-01 1.019033894331775691e+01 -1.239809470394763339e+05
6.398223134106599819e-01 1.019033894331775691e+01 -1.239809470394763339e+05
6.398223134106599819e-01 1.019033894331775691e+01 -1.239809470394763339e+05
6.398223134106599819e-01 1.019033894331775691e+01 -1.239809470394763339e+05
6.398223134106599819e-01 1.019033894331775691e+01 -1.239809470394763339e+05
6.398223134106599819e-01 1.019033894331775691e+01 -1.239809470394763339e+05
6.398223134106599819e-01 1.019033894331775691e+01 -1.239809470394763339e+05
6.398223134106599819e-01 1.019033894331775691e+01 -1.239809470394763339e+05
6.398223134106599819e-01 1.019033894331775691e+01 -1.239809470394763339e+05
6.398223134106599819e-01 1.019033894331775691e+01 -1.239809470394763339e+05
6.398223134106599819e-01 1.019033894331775691e+01 -1.239809470394763339e+05
6.398223134106599819e-01 1.019033894331775691e+01 -1.239809470394763339e+05
6.398223134106599819e-01 1.019033894331775691e+01 -1.239809470394763339e+05
6.398223134106599819e-01 1.019033894331775691e+01 -1.239809470394763339e+05
6.398223134106599819e-01 1.019033894331775691e+01 -1.239809470394763339e+05
6.398223134106599819e-01 1.019033894331775691e+01 -1.239809470394763339e+05
6.398223134106599819e-01 1.019033894331775691e+01 -1.239809470394763339e+05
6.398223134106599819e-01 1.019033894331775691e+01 -1.239809470394763339e+05
6.398223134106599819e-01 1.019033894331775691e+01 -1.239809470394763339e+05
6.398223134106599819e-01 1.019033894331775691e+01 -1.239809470394763339e+05
6.398223134106599819e-01 1.019033894331775691e+01 -1.239809470394763339e+05
6.398223134106599819e-01 1.019033894331775691e+01 -1.239809470394763339e+05
6.398223134106599819e-01 1.019033894331775691e+01 -1.239809470394763339e+05
6.398223134106599819e-01 1.019033894331775691e+01 -1.239809470394763339e+05
6.398223134106599819e-01 1.019033894331775691e+01 -1.239809470394763339e+05
6.398223134106599819e-01 1.019033894331775691e+01 -1.239809470394763339e+05
6.398223134106599819e-01 1.019033894331775691e+01 -1.239809470394763339e+05
6.398223134106599819e-01 1.019033894331775691e+01 -1.239809470394763339e+05
6.398223134106599819e-01 1.019033894331775691e+01 -1.239809470394763339e+05
6.398223134106599819e-01 1.019033894331775691e+01 -1.239809470394763339e+05
6.398223134106599819e-01 1.019033894331775691e+01 -1.239809470394763339e+05
6.398223134106599819e-01 1.019033894331775691e+01 -1.239809470394763339e+05
6.398223134106599819e-01 1.019033894331775691e+01 -1.239809470394763339e+05
6.398223134106599819e-01 1.019033894331775691e+01 -1.239809470394763339e+05
6.398223134106599819e-01 1.019033894331775691e+01 -1.239809470394763339e+05
6.398223134106599819e-01 1.019033894331775691e+01 -1.239809470394763339e+05
6.398223134106599819e-01 1.019033894331775691e+01 -1.239809470394763339e+05
6.398223134106599819e-01 1.019033894331775691e+01 -1.239809470394763339e+05
6.398223134106599819e-01 1.019033894331775691e+01 -1.239809470394763339e+05
6.398223134106599819e-01 1.019033894331775691e+01 -1.239809470394763339e+05
6.398223134106599819e-01 1.019033894331775691e+01 -1.239809470394763339e+05
6.398223134106599819e-01 1.019033894331775691e+01 -1.239809470394763339e+05
6.398223134106599819e-01 1.019033894331775691e+01 -1.239809470394763339e+05
6.398223134106599819e-01 1.019033894331775691e+01 -1.239809470394763339e+05
6.398223134106599819e-01 1.019033894331775691e+01 -1.239809470394763339e+05
6.398223134106599819e-01 1.019033894331775691e+01 -1.239809470394763339e+05
6.398223134106599819e-01 1.019033894331775691e+01 -1.239809470394763339e+05
6.398223134106599819e-01 1.019033894331775691e+01 -1.239809470394763339e+05
6.398223134106599819e-01 1.019033894331775691e+01 -1.239809470394763339e+05
6.398223134106599819e-01 1.019033894331775691e+01 -1.239809470394763339e+05
6.398223134106599819e-01 1.019033894331775691e+01 -1.239809470394763339e+05
6.398223134106599819e-01 1.019033894331775691e+01 -1.239809470394763339e+05
6.398223134106599819e-01 1.019033894331775691e+01 -1.239809470394763339e+05
6.398223134106599819e-01 1.019033894331775691e+01 -1.239809470394763339e+05
6.398223134106599819e-01 1.019033894331775691e+01 -1.239809470394763339e+05
6.398223134106599819e-01 1.019033894331775691e+01 -1.239809470394763339e+05
6.398223134106599819e-01 1.019033894331775691e+01 -1.239809470394763339e+05
6.398223134106599819e-01 1.019033894331775691e+01 -1.239809470394763339e+05
6.398223134106599819e-01 1.019033894331775691e+01 -1.239809470394763339e+05
6.398223134106599819e-01 1.019033894331775691e+01 -1.239809470394763339e+05
6.398223134106599819e-01 1.019033894331775691e+01 -1.239809470394763339e+05
6.398223134106599819e-01 1.019033894331775691e+01 -1.239809470394763339e+05
6.398223134106599819e-01 1.019033894331775691e+01 -1.239809470394763339e+05
6.398223134106599819e-01 1.019033894331775691e+01 -1.239809470394763339e+05
6.398223134106599819e-01 1.019033894331775691e+01 -1.239809470394763339e+05
6.398223134106599819e-01 1.019033894331775691e+01 -1.239809470394763339e+05
6.398223134106599819e-01 1.019033894331775691e+01 -1.239809470394763339e+05
6.398223134106599819e-01 1.019033894331775691e+01 -1.239809470394763339e+05
6.398223134106599819e-01 1.019033894331775691e+01 -1.239809470394763339e+05
6.398223134106599819e-01 1.019033894331775691e+01 -1.239809470394763339e+05
6.398223134106599819e-01 1.019033894331775691e+01 -1.239809470394763339e+05
6.398223134106599819e-01 1.019033894331775691e+01 -1.239809470394763339e+05
6.398223134106599819e-01 1.019033894331775691e+01 -1.239809470394763339e+05
6.398223134106599819e-01 1.019033894331775691e+01 -1.239809470394763339e+05
6.398223134106599819e-01 1.019033894331775691e+01 -1.239809470394763339e+05
6.398223134106599819e-01 1.019033894331775691e+01 -1.239809470394763339e+05
6.398223134106599819e-01 1.019033894331775691e+01 -1.239809470394763339e+05
6.398223134106599819e-01 1.019033894331775691e+01 -1.239809470394763339e+05
6.398223134106599819e-01 1.019033894331775691e+01 -1.239809470394763339e+05
6.398223134106599819e-01 1.019033894331775691e+01 -1.239809470394763339e+05
6.398223134106599819e-01 1.019033894331775691e+01 -1.239809470394763339e+05
6.398223134106599819e-01 1.019033894331775691e+01 -1.239809470394763339e+05
6.398223134106599819e-01 1.019033894331775691e+01 -1.239809470394763339e+05
6.398223134106599819e-01 1.019033894331775691e+01 -1.239809470394763339e+05
6.398223134106599819e-01 1.019033894331775691e+01 -1.239809470394763339e+05
6.398223134106599819e-01 1.019033894331775691e+01 -1.239809470394763339e+05
6.398223134106599819e-01 1.019033894331775691e+01 -1.239809470394763339e+05
6.398223134106599819e-01 1.019033894331775691e+01 -1.239809470394763339e+05
6.398223134106599819e-01 1.019033894331775691e+01 -1.239809470394763339e+05
6.398223134106599819e-01 1.019033894331775691e+01 -1.239809470394763339e+05
6.398223134106599819e-01 1.019033894331775691e+01 -1.239809470394763339e+05
6.398223134106599819e-01 1.019033894331775691e+01 -1.239809470394763339e+05
6.398223134106599819e-01 1.019033894331775691e+01 -1.239809470394763339e+05
6.398223134106599819e-01 1.019033894331775691e+01 -1.239809470394763339e+05
6.398223134106599819e-01 1.019033894331775691e+01 -1.239809470394763339e+05
6.398223134106599819e-01 1.019033894331775691e+01 -1.239809470394763339e+05
6.398223134106599819e-01 1.019033894331775691e+01 -1.239809470394763339e+05
6.398223134106599819e-01 1.019033894331775691e+01 -1.239809470394763339e+05
6.398223134106599819e-01 1.019033894331775691e+01 -1.239809470394763339e+05
6.398223134106599819e-01 1.019033894331775691e+01 -1.239809470394763339e+05
6.398223134106599819e-01 1.019033894331775691e+01 -1.239809470394763339e+05
6.398223134106599819e-01 1.019033894331775691e+01 -1.239809470394763339e+05
6.398223134106599819e-01 1.019033894331775691e+01 -1.239809470394763339e+05
6.398223134106599819e-01 1.019033894331775691e+01 -1.239809470394763339e+05
6.398223134106599819e-01 1.019033894331775691e+01 -1.239809470394763339e+05
6.398223134106599819e-01 1.019033894331775691e+01 -1.239809470394763339e+05
6.398223134106599819e-01 1.019033894331775691e+01 -1.239809470394763339e+05
6.398223134106599819e-01 1.019033894331775691e+01 -1.239809470394763339e+05
6.398223134106599819e-01 1.019033894331775691e+01 -1.239809470394763339e+05
6.398223134106599819e-01 1.019033894331775691e+01 -1.239809470394763339e+05
6.398223134106599819e-01 1.019033894331775691e+01 -1.239809470394763339e+05
6.398223134106599819e-01 1.019033894331775691e+01 -1.239809470394763339e+05
6.398223134106599819e-01 1.019033894331775691e+01 -1.239809470394763339e+05
6.398223134106599819e-01 1.019033894331775691e+01 -1.239809470394763339e+05
6.398223134106599819e-01 1.019033894331775691e+01 -1.239809470394763339e+05
6.398223134106599819e-01 1.019033894331775691e+01 -1.239809470394763339e+05
6.398223134106599819e-01 1.019033894331775691e+01 -1.239809470394763339e+05
6.398223134106599819e-01 1.019033894331775691e+01 -1.239809470394763339e+05
6.398223134106599819e-01 1.019033894331775691e+01 -1.239809470394763339e+05
6.398223134106599819e-01 1.019033894331775691e+01 -1.239809470394763339e+05
6.398223134106599819e-01 1.019033894331775691e+01 -1.239809470394763339e+05
6.398223134106599819e-01 1.019033894331775691e+01 -1.239809470394763339e+05
6.398223134106599819e-01 1.019033894331775691e+01 -1.239809470394763339e+05
6.398223134106599819e-01 1.019033894331775691e+01 -1.239809470394763339e+05
6.398223134106599819e-01 1.019033894331775691e+01 -1.239809470394763339e+05
6.398223134106599819e-01 1.019033894331775691e+01 -1.239809470394763339e+05
6.398223134106599819e-01 1.019033894331775691e+01 -1.239809470394763339e+05
6.398223134106599819e-01 1.019033894331775691e+01 -1.239809470394763339e+05
6.398223134106599819e-01 1.019033894331775691e+01 -1.239809470394763339e+05
6.398223134106599819e-01 1.019033894331775691e+01 -1.239809470394763339e+05
6.398223134106599819e-01 1.019033894331775691e+01 -1.239809470394763339e+05
6.398223134106599819e-01 1.019033894331775691e+01 -1.239809470394763339e+05
6.398223134106599819e-01 1.019033894331775691e+01 -1.239809470394763339e+05
6.398223134106599819e-01 1.019033894331775691e+01 -1.239809470394763339e+05
6.398223134106599819e-01 1.019033894331775691e+01 -1.239809470394763339e+05
6.398223134106599819e-01 1.019033894331775691e+01 -1.239809470394763339e+05
6.398223134106599819e-01 1.019033894331775691e+01 -1.239809470394763339e+05
6.398223134106599819e-01 1.019033894331775691e+01 -1.239809470394763339e+05
6.398223134106599819e-01 1.019033894331775691e+01 -1.239809470394763339e+05
6.398223134106599819e-01 1.019033894331775691e+01 -1.239809470394763339e+05
6.398223134106599819e-01 1.019033894331775691e+01 -1.239809470394763339e+05
6.398223134106599819e-01 1.019033894331775691e+01 -1.239809470394763339e+05
6.398223134106599819e-01 1.019033894331775691e+01 -1.239809470394763339e+05
6.398223134106599819e-01 1.019033894331775691e+01 -1.239809470394763339e+05
6.398223134106599819e-01 1.019033894331775691e+01 -1.239809470394763339e+05
6.398223134106599819e-01 1.019033894331775691e+01 -1.239809470394763339e+05
6.398223134106599819e-01 1.019033894331775691e+01 -1.239809470394763339e+05
6.398223134106599819e-01 1.019033894331775691e+01 -1.239809470394763339e+05
6.398223134106599819e-01 1.019033894331775691e+01 -1.239809470394763339e+05
6.398223134106599819e-01 1.019033894331775691e+01 -1.239809470394763339e+05
6.398223134106599819e-01 1.019033894331775691e+01 -1.239809470394763339e+05
6.398223134106599819e-01 1.019033894331775691e+01 -1.239809470394763339e+05
6.398223134106599819e-01 1.019033894331775691e+01 -1.239809470394763339e+05
6.398223134106599819e-01 1.019033894331775691e+01 -1.239809470394763339e+05
6.398223134106599819e-01 1.019033894331775691e+01 -1.239809470394763339e+05
6.398223134106599819e-01 1.019033894331775691e+01 -1.239809470394763339e+05
6.398223134106599819e-01 1.019033894331775691e+01 -1.239809470394763339e+05
6.398223134106599819e-01 1.019033894331775691e+01 -1.239809470394763339e+05
6.398223134106599819e-01 1.019033894331775691e+01 -1.239809470394763339e+05
6.398223134106599819e-01 1.019033894331775691e+01 -1.239809470394763339e+05
6.398223134106599819e-01 1.019033894331775691e+01 -1.239809470394763339e+05
6.398223134106599819e-01 1.019033894331775691e+01 -1.239809470394763339e+05
6.398223134106599819e-01 1.019033894331775691e+01 -1.239809470394763339e+05
6.398223134106599819e-01 1.019033894331775691e+01 -1.239809470394763339e+05
6.398223134106599819e-01 1.019033894331775691e+01 -1.239809470394763339e+05
6.398223134106599819e-01 1.019033894331775691e+01 -1.239809470394763339e+05
6.398223134106599819e-01 1.019033894331775691e+01 -1.239809470394763339e+05
6.398223134106599819e-01 1.019033894331775691e+01 -1.239809470394763339e+05
6.398223134106599819e-01 1.019033894331775691e+01 -1.239809470394763339e+05
6.398223134106599819e-01 1.019033894331775691e+01 -1.239809470394763339e+05
6.398223134106599819e-01 1.019033894331775691e+01 -1.239809470394763339e+05
6.398223134106599819e-01 1.019033894331775691e+01 -1.239809470394763339e+05
6.398223134106599819e-01 1.019033894331775691e+01 -1.239809470394763339e+05
6.398223134106599819e-01 1.019033894331775691e+01 -1.239809470394763339e+05
6.398223134106599819e-01 1.019033894331775691e+01 -1.239809470394763339e+05
6.398223134106599819e-01 1.019033894331775691e+01 -1.239809470394763339e+05
6.398223134106599819e-01 1.019033894331775691e+01 -1.239809470394763339e+05
6.398223134106599819e-01 1.019033894331775691e+01 -1.239809470394763339e+05
6.398223134106599819e-01 1.019033894331775691e+01 -1.239809470394763339e+05
6.398223134106599819e-01 1.019033894331775691e+01 -1.239809470394763339e+05
6.398223134106599819e-01 1.019033894331775691e+01 -1.239809470394763339e+05
6.398223134106599819e-01 1.019033894331775691e+01 -1.239809470394763339e+05
6.398223134106599819e-01 1.019033894331775691e+01 -1.239809470394763339e+05
6.398223134106599819e-01 1.019033894331775691e+01 -1.239809470394763339e+05
6.398223134106599819e-01 1.019033894331775691e+01 -1.239809470394763339e+05
6.398223134106599819e-01 1.019033894331775691e+01 -1.239809470394763339e+05
6.398223134106599819e-01 1.019033894331775691e+01 -1.239809470394763339e+05
6.398223134106599819e-01 1.019033894331775691e+01 -1.239809470394763339e+05
6.398223134106599819e-01 1.019033894331775691e+01 -1.239809470394763339e+05
6.398223134106599819e-01 1.019033894331775691e+01 -1.239809470394763339e+05
6.398223134106599819e-01 1.019033894331775691e+01 -1.239809470394763339e+05
6.398223134106599819e-01 1.019033894331775691e+01 -1.239809470394763339e+05
6.398223134106599819e-01 1.019033894331775691e+01 -1.239809470394763339e+05
6.398223134106599819e-01 1.019033894331775691e+01 -1.239809470394763339e+05
6.398223134106599819e-01 1.019033894331775691e+01 -1.239809470394763339e+05
6.398223134106599819e-01 1.019033894331775691e+01 -1.239809470394763339e+05
6.398223134106599819e-01 1.019033894331775691e+01 -1.239809470394763339e+05
6.398223134106599819e-01 1.019033894331775691e+01 -1.239809470394763339e+05
6.398223134106599819e-01 1.019033894331775691e+01 -1.239809470394763339e+05
6.398223134106599819e-01 1.019033894331775691e+01 -1.239809470394763339e+05
6.398223134106599819e-01 1.019033894331775691e+01 -1.239809470394763339e+05
6.398223134106599819e-01 1.019033894331775691e+01 -1.239809470394763339e+05
6.398223134106599819e-01 1.019033894331775691e+01 -1.239809470394763339e+05
6.398223134106599819e-01 1.019033894331775691e+01 -1.239809470394763339e+05
6.398223134106599819e-01 1.019033894331775691e+01 -1.239809470394763339e+05
6.398223134106599819e-01 1.019033894331775691e+01 -1.239809470394763339e+05
6.398223134106599819e-01 1.019033894331775691e+01 -1.239809470394763339e+05
6.398223134106599819e-01 1.019033894331775691e+01 -1.239809470394763339e+05
6.398223134106599819e-01 1.019033894331775691e+01 -1.239809470394763339e+05
6.398223134106599819e-01 1.019033894331775691e+01 -1.239809470394763339e+05
6.398223134106599819e-01 1.019033894331775691e+01 -1.239809470394763339e+05
6.398223134106599819e-01 1.019033894331775691e+01 -1.239809470394763339e+05
6.398223134106599819e-01 1.019033894331775691e+01 -1.239809470394763339e+05
6.398223134106599819e-01 1.019033894331775691e+01 -1.239809470394763339e+05
6.398223134106599819e-01 1.019033894331775691e+01 -1.239809470394763339e+05
6.398223134106599819e-01 1.019033894331775691e+01 -1.239809470394763339e+05
6.398223134106599819e-01 1.019033894331775691e+01 -1.239809470394763339e+05
6.398223134106599819e-01 1.019033894331775691e+01 -1.239809470394763339e+05
6.398223134106599819e-01 1.019033894331775691e+01 -1.239809470394763339e+05
6.398223134106599819e-01 1.019033894331775691e+01 -1.239809470394763339e+05
6.398223134106599819e-01 1.019033894331775691e+01 -1.239809470394763339e+05
6.398223134106599819e-01 1.019033894331775691e+01 -1.239809470394763339e+05
6.398223134106599819e-01 1.019033894331775691e+01 -1.239809470394763339e+05
6.398223134106599819e-01 1.019033894331775691e+01 -1.239809470394763339e+05
6.398223134106599819e-01 1.019033894331775691e+01 -1.239809470394763339e+05
6.398223134106599819e-01 1.019033894331775691e+01 -1.239809470394763339e+05
6.398223134106599819e-01 1.019033894331775691e+01 -1.239809470394763339e+05
6.398223134106599819e-01 1.019033894331775691e+01 -1.239809470394763339e+05
6.398223134106599819e-01 1.019033894331775691e+01 -1.239809470394763339e+05
6.398223134106599819e-01 1.019033894331775691e+01 -1.239809470394763339e+05
6.398223134106599819e-01 1.019033894331775691e+01 -1.239809470394763339e+05
6.398223134106599819e-01 1.019033894331775691e+01 -1.239809470394763339e+05
6.398223134106599819e-01 1.019033894331775691e+01 -1.239809470394763339e+05
6.398223134106599819e-01 1.019033894331775691e+01 -1.239809470394763339e+05
6.398223134106599819e-01 1.019033894331775691e+01 -1.239809470394763339e+05
6.398223134106599819e-01 1.019033894331775691e+01 -1.239809470394763339e+05
6.398223134106599819e-01 1.019033894331775691e+01 -1.239809470394763339e+05
6.398223134106599819e-01 1.019033894331775691e+01 -1.239809470394763339e+05
6.398223134106599819e-01 1.019033894331775691e+01 -1.239809470394763339e+05
6.398223134106599819e-01 1.019033894331775691e+01 -1.239809470394763339e+05
6.398223134106599819e-01 1.019033894331775691e+01 -1.239809470394763339e+05
6.398223134106599819e-01 1.019033894331775691e+01 -1.239809470394763339e+05
6.398223134106599819e-01 1.019033894331775691e+01 -1.239809470394763339e+05
6.398223134106599819e-01 1.019033894331775691e+01 -1.239809470394763339e+05
6.398223134106599819e-01 1.019033894331775691e+01 -1.239809470394763339e+05
6.398223134106599819e-01 1.019033894331775691e+01 -1.239809470394763339e+05
6.398223134106599819e-01 1.019033894331775691e+01 -1.239809470394763339e+05
6.398223134106599819e-01 1.019033894331775691e+01 -1.239809470394763339e+05
6.398223134106599819e-01 1.019033894331775691e+01 -1.239809470394763339e+05
6.398223134106599819e-01 1.019033894331775691e+01 -1.239809470394763339e+05
6.398223134106599819e-01 1.019033894331775691e+01 -1.239809470394763339e+05
6.398223134106599819e-01 1.019033894331775691e+01 -1.239809470394763339e+05
6.398223134106599819e-01 1.019033894331775691e+01 -1.239809470394763339e+05
6.398223134106599819e-01 1.019033894331775691e+01 -1.239809470394763339e+05
6.398223134106599819e-01 1.019033894331775691e+01 -1.239809470394763339e+05
6.398223134106599819e-01 1.019033894331775691e+01 -1.239809470394763339e+05
6.398223134106599819e-01 1.019033894331775691e+01 -1.239809470394763339e+05
6.398223134106599819e-01 1.019033894331775691e+01 -1.239809470394763339e+05
6.398223134106599819e-01 1.019033894331775691e+01 -1.239809470394763339e+05
6.398223134106599819e-01 1.019033894331775691e+01 -1.239809470394763339e+05
6.398223134106599819e-01 1.019033894331775691e+01 -1.239809470394763339e+05
6.398223134106599819e-01 1.019033894331775691e+01 -1.239809470394763339e+05
6.398223134106599819e-01 1.019033894331775691e+01 -1.239809470394763339e+05
6.398223134106599819e-01 1.019033894331775691e+01 -1.239809470394763339e+05
6.398223134106599819e-01 1.019033894331775691e+01 -1.239809470394763339e+05
6.398223134106599819e-01 1.019033894331775691e+01 -1.239809470394763339e+05
6.398223134106599819e-01 1.019033894331775691e+01 -1.239809470394763339e+05
6.398223134106599819e-01 1.019033894331775691e+01 -1.239809470394763339e+05
6.398223134106599819e-01 1.019033894331775691e+01 -1.239809470394763339e+05
6.398223134106599819e-01 1.019033894331775691e+01 -1.239809470394763339e+05
6.398223134106599819e-01 1.019033894331775691e+01 -1.239809470394763339e+05
6.398223134106599819e-01 1.019033894331775691e+01 -1.239809470394763339e+05
6.398223134106599819e-01 1.019033894331775691e+01 -1.239809470394763339e+05
6.398223134106599819e-01 1.019033894331775691e+01 -1.239809470394763339e+05
6.398223134106599819e-01 1.019033894331775691e+01 -1.239809470394763339e+05
6.398223134106599819e-01 1.019033894331775691e+01 -1.239809470394763339e+05
6.398223134106599819e-01 1.019033894331775691e+01 -1.239809470394763339e+05
6.398223134106599819e-01 1.019033894331775691e+01 -1.239809470394763339e+05
6.398223134106599819e-01 1.019033894331775691e+01 -1.239809470394763339e+05
6.398223134106599819e-01 1.019033894331775691e+01 -1.239809470394763339e+05
6.398223134106599819e-01 1.019033894331775691e+01 -1.239809470394763339e+05
6.398223134106599819e-01 1.019033894331775691e+01 -1.239809470394763339e+05
6.398223134106599819e-01 1.019033894331775691e+01 -1.239809470394763339e+05
6.398223134106599819e-01 1.019033894331775691e+01 -1.239809470394763339e+05
6.398223134106599819e-01 1.019033894331775691e+01 -1.239809470394763339e+05
6.398223134106599819e-01 1.019033894331775691e+01 -1.239809470394763339e+05
6.398223134106599819e-01 1.019033894331775691e+01 -1.239809470394763339e+05
6.398223134106599819e-01 1.019033894331775691e+01 -1.239809470394763339e+05
6.398223134106599819e-01 1.019033894331775691e+01 -1.239809470394763339e+05
6.398223134106599819e-01 1.019033894331775691e+01 -1.239809470394763339e+05
6.398223134106599819e-01 1.019033894331775691e+01 -1.239809470394763339e+05
6.398223134106599819e-01 1.019033894331775691e+01 -1.239809470394763339e+05
6.398223134106599819e-01 1.019033894331775691e+01 -1.239809470394763339e+05
6.398223134106599819e-01 1.019033894331775691e+01 -1.239809470394763339e+05
6.398223134106599819e-01 1.019033894331775691e+01 -1.239809470394763339e+05
6.398223134106599819e-01 1.019033894331775691e+01 -1.239809470394763339e+05
6.398223134106599819e-01 1.019033894331775691e+01 -1.239809470394763339e+05
6.398223134106599819e-01 1.019033894331775691e+01 -1.239809470394763339e+05
6.398223134106599819e-01 1.019033894331775691e+01 -1.239809470394763339e+05
6.398223134106599819e-01 1.019033894331775691e+01 -1.239809470394763339e+05
6.398223134106599819e-01 1.019033894331775691e+01 -1.239809470394763339e+05
6.398223134106599819e-01 1.019033894331775691e+01 -1.239809470394763339e+05
6.398223134106599819e-01 1.019033894331775691e+01 -1.239809470394763339e+05
6.398223134106599819e-01 1.019033894331775691e+01 -1.239809470394763339e+05
6.398223134106599819e-01 1.019033894331775691e+01 -1.239809470394763339e+05
6.398223134106599819e-01 1.019033894331775691e+01 -1.239809470394763339e+05
6.398223134106599819e-01 1.019033894331775691e+01 -1.239809470394763339e+05
6.398223134106599819e-01 1.019033894331775691e+01 -1.239809470394763339e+05
6.398223134106599819e-01 1.019033894331775691e+01 -1.239809470394763339e+05
6.398223134106599819e-01 1.019033894331775691e+01 -1.239809470394763339e+05
6.398223134106599819e-01 1.019033894331775691e+01 -1.239809470394763339e+05
6.398223134106599819e-01 1.019033894331775691e+01 -1.239809470394763339e+05
6.398223134106599819e-01 1.019033894331775691e+01 -1.239809470394763339e+05
6.398223134106599819e-01 1.019033894331775691e+01 -1.239809470394763339e+05
6.398223134106599819e-01 1.019033894331775691e+01 -1.239809470394763339e+05
6.398223134106599819e-01 1.019033894331775691e+01 -1.239809470394763339e+05
6.398223134106599819e-01 1.019033894331775691e+01 -1.239809470394763339e+05
6.398223134106599819e-01 1.019033894331775691e+01 -1.239809470394763339e+05
6.398223134106599819e-01 1.019033894331775691e+01 -1.239809470394763339e+05
6.398223134106599819e-01 1.019033894331775691e+01 -1.239809470394763339e+05
6.398223134106599819e-01 1.019033894331775691e+01 -1.239809470394763339e+05
6.398223134106599819e-01 1.019033894331775691e+01 -1.239809470394763339e+05
6.398223134106599819e-01 1.019033894331775691e+01 -1.239809470394763339e+05
6.398223134106599819e-01 1.019033894331775691e+01 -1.239809470394763339e+05
6.398223134106599819e-01 1.019033894331775691e+01 -1.239809470394763339e+05
6.398223134106599819e-01 1.019033894331775691e+01 -1.239809470394763339e+05
6.398223134106599819e-01 1.019033894331775691e+01 -1.239809470394763339e+05
6.398223134106599819e-01 1.019033894331775691e+01 -1.239809470394763339e+05
6.398223134106599819e-01 1.019033894331775691e+01 -1.239809470394763339e+05
6.398223134106599819e-01 1.019033894331775691e+01 -1.239809470394763339e+05
6.398223134106599819e-01 1.019033894331775691e+01 -1.239809470394763339e+05
6.398223134106599819e-01 1.019033894331775691e+01 -1.239809470394763339e+05
6.398223134106599819e-01 1.019033894331775691e+01 -1.239809470394763339e+05
6.398223134106599819e-01 1.019033894331775691e+01 -1.239809470394763339e+05
6.398223134106599819e-01 1.019033894331775691e+01 -1.239809470394763339e+05
6.398223134106599819e-01 1.019033894331775691e+01 -1.239809470394763339e+05
6.398223134106599819e-01 1.019033894331775691e+01 -1.239809470394763339e+05
6.398223134106599819e-01 1.019033894331775691e+01 -1.239809470394763339e+05
6.398223134106599819e-01 1.019033894331775691e+01 -1.239809470394763339e+05
6.398223134106599819e-01 1.019033894331775691e+01 -1.239809470394763339e+05
6.398223134106599819e-01 1.019033894331775691e+01 -1.239809470394763339e+05
6.398223134106599819e-01 1.019033894331775691e+01 -1.239809470394763339e+05
6.398223134106599819e-01 1.019033894331775691e+01 -1.239809470394763339e+05
6.398223134106599819e-01 1.019033894331775691e+01 -1.239809470394763339e+05
6.398223134106599819e-01 1.019033894331775691e+01 -1.239809470394763339e+05
6.398223134106599819e-01 1.019033894331775691e+01 -1.239809470394763339e+05
6.398223134106599819e-01 1.019033894331775691e+01 -1.239809470394763339e+05
6.398223134106599819e-01 1.019033894331775691e+01 -1.239809470394763339e+05
6.398223134106599819e-01 1.019033894331775691e+01 -1.239809470394763339e+05
6.398223134106599819e-01 1.019033894331775691e+01 -1.239809470394763339e+05
6.398223134106599819e-01 1.019033894331775691e+01 -1.239809470394763339e+05
6.398223134106599819e-01 1.019033894331775691e+01 -1.239809470394763339e+05
6.398223134106599819e-01 1.019033894331775691e+01 -1.239809470394763339e+05
6.398223134106599819e-01 1.019033894331775691e+01 -1.239809470394763339e+05
6.398223134106599819e-01 1.019033894331775691e+01 -1.239809470394763339e+05
6.398223134106599819e-01 1.019033894331775691e+01 -1.239809470394763339e+05
6.398223134106599819e-01 1.019033894331775691e+01 -1.239809470394763339e+05
6.398223134106599819e-01 1.019033894331775691e+01 -1.239809470394763339e+05
6.398223134106599819e-01 1.019033894331775691e+01 -1.239809470394763339e+05
6.398223134106599819e-01 1.019033894331775691e+01 -1.239809470394763339e+05
6.398223134106599819e-01 1.019033894331775691e+01 -1.239809470394763339e+05
6.398223134106599819e-01 1.019033894331775691e+01 -1.239809470394763339e+05
6.398223134106599819e-01 1.019033894331775691e+01 -1.239809470394763339e+05
6.398223134106599819e-01 1.019033894331775691e+01 -1.239809470394763339e+05
6.398223134106599819e-01 1.019033894331775691e+01 -1.239809470394763339e+05
6.398223134106599819e-01 1.019033894331775691e+01 -1.239809470394763339e+05
6.398223134106599819e-01 1.019033894331775691e+01 -1.239809470394763339e+05
6.398223134106599819e-01 1.019033894331775691e+01 -1.239809470394763339e+05
6.398223134106599819e-01 1.019033894331775691e+01 -1.239809470394763339e+05
6.398223134106599819e-01 1.019033894331775691e+01 -1.239809470394763339e+05
6.398223134106599819e-01 1.019033894331775691e+01 -1.239809470394763339e+05
6.398223134106599819e-01 1.019033894331775691e+01 -1.239809470394763339e+05
6.398223134106599819e-01 1.019033894331775691e+01 -1.239809470394763339e+05
6.398223134106599819e-01 1.019033894331775691e+01 -1.239809470394763339e+05
6.398223134106599819e-01 1.019033894331775691e+01 -1.239809470394763339e+05
6.398223134106599819e-01 1.019033894331775691e+01 -1.239809470394763339e+05
6.398223134106599819e-01 1.019033894331775691e+01 -1.239809470394763339e+05
6.398223134106599819e-01 1.019033894331775691e+01 -1.239809470394763339e+05
6.398223134106599819e-01 1.019033894331775691e+01 -1.239809470394763339e+05
6.398223134106599819e-01 1.019033894331775691e+01 -1.239809470394763339e+05
6.398223134106599819e-01 1.019033894331775691e+01 -1.239809470394763339e+05
6.398223134106599819e-01 1.019033894331775691e+01 -1.239809470394763339e+05
6.398223134106599819e-01 1.019033894331775691e+01 -1.239809470394763339e+05
6.398223134106599819e-01 1.019033894331775691e+01 -1.239809470394763339e+05
6.398223134106599819e-01 1.019033894331775691e+01 -1.239809470394763339e+05
6.398223134106599819e-01 1.019033894331775691e+01 -1.239809470394763339e+05
6.398223134106599819e-01 1.019033894331775691e+01 -1.239809470394763339e+05
6.398223134106599819e-01 1.019033894331775691e+01 -1.239809470394763339e+05
6.398223134106599819e-01 1.019033894331775691e+01 -1.239809470394763339e+05
6.398223134106599819e-01 1.019033894331775691e+01 -1.239809470394763339e+05
6.398223134106599819e-01 1.019033894331775691e+01 -1.239809470394763339e+05
6.398223134106599819e-01 1.019033894331775691e+01 -1.239809470394763339e+05
6.398223134106599819e-01 1.019033894331775691e+01 -1.239809470394763339e+05
6.398223134106599819e-01 1.019033894331775691e+01 -1.239809470394763339e+05
6.398223134106599819e-01 1.019033894331775691e+01 -1.239809470394763339e+05
6.398223134106599819e-01 1.019033894331775691e+01 -1.239809470394763339e+05
6.398223134106599819e-01 1.019033894331775691e+01 -1.239809470394763339e+05
6.398223134106599819e-01 1.019033894331775691e+01 -1.239809470394763339e+05
6.398223134106599819e-01 1.019033894331775691e+01 -1.239809470394763339e+05
6.398223134106599819e-01 1.019033894331775691e+01 -1.239809470394763339e+05
6.398223134106599819e-01 1.019033894331775691e+01 -1.239809470394763339e+05
6.398223134106599819e-01 1.019033894331775691e+01 -1.239809470394763339e+05
6.398223134106599819e-01 1.019033894331775691e+01 -1.239809470394763339e+05
6.398223134106599819e-01 1.019033894331775691e+01 -1.239809470394763339e+05
6.398223134106599819e-01 1.019033894331775691e+01 -1.239809470394763339e+05
6.398223134106599819e-01 1.019033894331775691e+01 -1.239809470394763339e+05
6.398223134106599819e-01 1.019033894331775691e+01 -1.239809470394763339e+05
6.398223134106599819e-01 1.019033894331775691e+01 -1.239809470394763339e+05
6.398223134106599819e-01 1.019033894331775691e+01 -1.239809470394763339e+05
6.398223134106599819e-01 1.019033894331775691e+01 -1.239809470394763339e+05
6.398223134106599819e-01 1.019033894331775691e+01 -1.239809470394763339e+05
6.398223134106599819e-01 1.019033894331775691e+01 -1.239809470394763339e+05
6.398223134106599819e-01 1.019033894331775691e+01 -1.239809470394763339e+05
6.398223134106599819e-01 1.019033894331775691e+01 -1.239809470394763339e+05
6.398223134106599819e-01 1.019033894331775691e+01 -1.239809470394763339e+05
6.398223134106599819e-01 1.019033894331775691e+01 -1.239809470394763339e+05
6.398223134106599819e-01 1.019033894331775691e+01 -1.239809470394763339e+05
6.398223134106599819e-01 1.019033894331775691e+01 -1.239809470394763339e+05
6.398223134106599819e-01 1.019033894331775691e+01 -1.239809470394763339e+05
6.398223134106599819e-01 1.019033894331775691e+01 -1.239809470394763339e+05
6.398223134106599819e-01 1.019033894331775691e+01 -1.239809470394763339e+05
6.398223134106599819e-01 1.019033894331775691e+01 -1.239809470394763339e+05
6.398223134106599819e-01 1.019033894331775691e+01 -1.239809470394763339e+05
6.398223134106599819e-01 1.019033894331775691e+01 -1.239809470394763339e+05
6.398223134106599819e-01 1.019033894331775691e+01 -1.239809470394763339e+05
6.398223134106599819e-01 1.019033894331775691e+01 -1.239809470394763339e+05
6.398223134106599819e-01 1.019033894331775691e+01 -1.239809470394763339e+05
6.398223134106599819e-01 1.019033894331775691e+01 -1.239809470394763339e+05
6.398223134106599819e-01 1.019033894331775691e+01 -1.239809470394763339e+05
6.398223134106599819e-01 1.019033894331775691e+01 -1.239809470394763339e+05
6.398223134106599819e-01 1.019033894331775691e+01 -1.239809470394763339e+05
6.398223134106599819e-01 1.019033894331775691e+01 -1.239809470394763339e+05
6.398223134106599819e-01 1.019033894331775691e+01 -1.239809470394763339e+05
6.398223134106599819e-01 1.019033894331775691e+01 -1.239809470394763339e+05
6.398223134106599819e-01 1.019033894331775691e+01 -1.239809470394763339e+05
6.398223134106599819e-01 1.019033894331775691e+01 -1.239809470394763339e+05
6.398223134106599819e-01 1.019033894331775691e+01 -1.239809470394763339e+05
6.398223134106599819e-01 1.019033894331775691e+01 -1.239809470394763339e+05
6.398223134106599819e-01 1.019033894331775691e+01 -1.239809470394763339e+05
6.398223134106599819e-01 1.019033894331775691e+01 -1.239809470394763339e+05
6.398223134106599819e-01 1.019033894331775691e+01 -1.239809470394763339e+05
6.398223134106599819e-01 1.019033894331775691e+01 -1.239809470394763339e+05
6.398223134106599819e-01 1.019033894331775691e+01 -1.239809470394763339e+05
6.398223134106599819e-01 1.019033894331775691e+01 -1.239809470394763339e+05
6.398223134106599819e-01 1.019033894331775691e+01 -1.239809470394763339e+05
6.398223134106599819e-01 1.019033894331775691e+01 -1.239809470394763339e+05
6.398223134106599819e-01 1.019033894331775691e+01 -1.239809470394763339e+05
6.398223134106599819e-01 1.019033894331775691e+01 -1.239809470394763339e+05
6.398223134106599819e-01 1.019033894331775691e+01 -1.239809470394763339e+05
6.398223134106599819e-01 1.019033894331775691e+01 -1.239809470394763339e+05
6.398223134106599819e-01 1.019033894331775691e+01 -1.239809470394763339e+05
6.398223134106599819e-01 1.019033894331775691e+01 -1.239809470394763339e+05
6.398223134106599819e-01 1.019033894331775691e+01 -1.239809470394763339e+05
6.398223134106599819e-01 1.019033894331775691e+01 -1.239809470394763339e+05
6.398223134106599819e-01 1.019033894331775691e+01 -1.239809470394763339e+05
6.398223134106599819e-01 1.019033894331775691e+01 -1.239809470394763339e+05
6.398223134106599819e-01 1.019033894331775691e+01 -1.239809470394763339e+05
6.398223134106599819e-01 1.019033894331775691e+01 -1.239809470394763339e+05
6.398223134106599819e-01 1.019033894331775691e+01 -1.239809470394763339e+05
6.398223134106599819e-01 1.019033894331775691e+01 -1.239809470394763339e+05
6.398223134106599819e-01 1.019033894331775691e+01 -1.239809470394763339e+05
6.398223134106599819e-01 1.019033894331775691e+01 -1.239809470394763339e+05
6.398223134106599819e-01 1.019033894331775691e+01 -1.239809470394763339e+05
6.398223134106599819e-01 1.019033894331775691e+01 -1.239809470394763339e+05
6.398223134106599819e-01 1.019033894331775691e+01 -1.239809470394763339e+05
6.398223134106599819e-01 1.019033894331775691e+01 -1.239809470394763339e+05
6.398223134106599819e-01 1.019033894331775691e+01 -1.239809470394763339e+05
6.398223134106599819e-01 1.019033894331775691e+01 -1.239809470394763339e+05
6.398223134106599819e-01 1.019033894331775691e+01 -1.239809470394763339e+05
6.398223134106599819e-01 1.019033894331775691e+01 -1.239809470394763339e+05
6.398223134106599819e-01 1.019033894331775691e+01 -1.239809470394763339e+05
6.398223134106599819e-01 1.019033894331775691e+01 -1.239809470394763339e+05
6.398223134106599819e-01 1.019033894331775691e+01 -1.239809470394763339e+05
6.398223134106599819e-01 1.019033894331775691e+01 -1.239809470394763339e+05
6.398223134106599819e-01 1.019033894331775691e+01 -1.239809470394763339e+05
6.398223134106599819e-01 1.019033894331775691e+01 -1.239809470394763339e+05
6.398223134106599819e-01 1.019033894331775691e+01 -1.239809470394763339e+05
6.398223134106599819e-01 1.019033894331775691e+01 -1.239809470394763339e+05
6.398223134106599819e-01 1.019033894331775691e+01 -1.239809470394763339e+05
6.398223134106599819e-01 1.019033894331775691e+01 -1.239809470394763339e+05
6.398223134106599819e-01 1.019033894331775691e+01 -1.239809470394763339e+05
6.398223134106599819e-01 1.019033894331775691e+01 -1.239809470394763339e+05
6.398223134106599819e-01 1.019033894331775691e+01 -1.239809470394763339e+05
6.398223134106599819e-01 1.019033894331775691e+01 -1.239809470394763339e+05
6.398223134106599819e-01 1.019033894331775691e+01 -1.239809470394763339e+05
6.398223134106599819e-01 1.019033894331775691e+01 -1.239809470394763339e+05
6.398223134106599819e-01 1.019033894331775691e+01 -1.239809470394763339e+05
6.398223134106599819e-01 1.019033894331775691e+01 -1.239809470394763339e+05
6.398223134106599819e-01 1.019033894331775691e+01 -1.239809470394763339e+05
6.398223134106599819e-01 1.019033894331775691e+01 -1.239809470394763339e+05
6.398223134106599819e-01 1.019033894331775691e+01 -1.239809470394763339e+05
6.398223134106599819e-01 1.019033894331775691e+01 -1.239809470394763339e+05
6.398223134106599819e-01 1.019033894331775691e+01 -1.239809470394763339e+05
6.398223134106599819e-01 1.019033894331775691e+01 -1.239809470394763339e+05
6.398223134106599819e-01 1.019033894331775691e+01 -1.239809470394763339e+05
6.398223134106599819e-01 1.019033894331775691e+01 -1.239809470394763339e+05
6.398223134106599819e-01 1.019033894331775691e+01 -1.239809470394763339e+05
6.398223134106599819e-01 1.019033894331775691e+01 -1.239809470394763339e+05
6.398223134106599819e-01 1.019033894331775691e+01 -1.239809470394763339e+05
6.398223134106599819e-01 1.019033894331775691e+01 -1.239809470394763339e+05
6.398223134106599819e-01 1.019033894331775691e+01 -1.239809470394763339e+05
6.398223134106599819e-01 1.019033894331775691e+01 -1.239809470394763339e+05
6.398223134106599819e-01 1.019033894331775691e+01 -1.239809470394763339e+05
6.398223134106599819e-01 1.019033894331775691e+01 -1.239809470394763339e+05
6.398223134106599819e-01 1.019033894331775691e+01 -1.239809470394763339e+05
6.398223134106599819e-01 1.019033894331775691e+01 -1.239809470394763339e+05
6.398223134106599819e-01 1.019033894331775691e+01 -1.239809470394763339e+05
6.398223134106599819e-01 1.019033894331775691e+01 -1.239809470394763339e+05
6.398223134106599819e-01 1.019033894331775691e+01 -1.239809470394763339e+05
6.398223134106599819e-01 1.019033894331775691e+01 -1.239809470394763339e+05
6.398223134106599819e-01 1.019033894331775691e+01 -1.239809470394763339e+05
6.398223134106599819e-01 1.019033894331775691e+01 -1.239809470394763339e+05
6.398223134106599819e-01 1.019033894331775691e+01 -1.239809470394763339e+05
6.398223134106599819e-01 1.019033894331775691e+01 -1.239809470394763339e+05
6.398223134106599819e-01 1.019033894331775691e+01 -1.239809470394763339e+05
6.398223134106599819e-01 1.019033894331775691e+01 -1.239809470394763339e+05
6.398223134106599819e-01 1.019033894331775691e+01 -1.239809470394763339e+05
6.398223134106599819e-01 1.019033894331775691e+01 -1.239809470394763339e+05
6.398223134106599819e-01 1.019033894331775691e+01 -1.239809470394763339e+05
6.398223134106599819e-01 1.019033894331775691e+01 -1.239809470394763339e+05
6.398223134106599819e-01 1.019033894331775691e+01 -1.239809470394763339e+05
6.398223134106599819e-01 1.019033894331775691e+01 -1.239809470394763339e+05
6.398223134106599819e-01 1.019033894331775691e+01 -1.239809470394763339e+05
6.398223134106599819e-01 1.019033894331775691e+01 -1.239809470394763339e+05
6.398223134106599819e-01 1.019033894331775691e+01 -1.239809470394763339e+05
6.398223134106599819e-01 1.019033894331775691e+01 -1.239809470394763339e+05
6.398223134106599819e-01 1.019033894331775691e+01 -1.239809470394763339e+05
6.398223134106599819e-01 1.019033894331775691e+01 -1.239809470394763339e+05
6.398223134106599819e-01 1.019033894331775691e+01 -1.239809470394763339e+05
6.398223134106599819e-01 1.019033894331775691e+01 -1.239809470394763339e+05
6.398223134106599819e-01 1.019033894331775691e+01 -1.239809470394763339e+05
6.398223134106599819e-01 1.019033894331775691e+01 -1.239809470394763339e+05
6.398223134106599819e-01 1.019033894331775691e+01 -1.239809470394763339e+05
6.398223134106599819e-01 1.019033894331775691e+01 -1.239809470394763339e+05
6.398223134106599819e-01 1.019033894331775691e+01 -1.239809470394763339e+05
6.398223134106599819e-01 1.019033894331775691e+01 -1.239809470394763339e+05
6.398223134106599819e-01 1.019033894331775691e+01 -1.239809470394763339e+05
6.398223134106599819e-01 1.019033894331775691e+01 -1.239809470394763339e+05
6.398223134106599819e-01 1.019033894331775691e+01 -1.239809470394763339e+05
6.398223134106599819e-01 1.019033894331775691e+01 -1.239809470394763339e+05
6.398223134106599819e-01 1.019033894331775691e+01 -1.239809470394763339e+05
6.398223134106599819e-01 1.019033894331775691e+01 -1.239809470394763339e+05
6.398223134106599819e-01 1.019033894331775691e+01 -1.239809470394763339e+05
6.398223134106599819e-01 1.019033894331775691e+01 -1.239809470394763339e+05
6.398223134106599819e-01 1.019033894331775691e+01 -1.239809470394763339e+05
6.398223134106599819e-01 1.019033894331775691e+01 -1.239809470394763339e+05
6.398223134106599819e-01 1.019033894331775691e+01 -1.239809470394763339e+05
6.398223134106599819e-01 1.019033894331775691e+01 -1.239809470394763339e+05
6.398223134106599819e-01 1.019033894331775691e+01 -1.239809470394763339e+05
6.398223134106599819e-01 1.019033894331775691e+01 -1.239809470394763339e+05
6.398223134106599819e-01 1.019033894331775691e+01 -1.239809470394763339e+05
6.398223134106599819e-01 1.019033894331775691e+01 -1.239809470394763339e+05
6.398223134106599819e-01 1.019033894331775691e+01 -1.239809470394763339e+05
6.398223134106599819e-01 1.019033894331775691e+01 -1.239809470394763339e+05
6.398223134106599819e-01 1.019033894331775691e+01 -1.239809470394763339e+05
6.398223134106599819e-01 1.019033894331775691e+01 -1.239809470394763339e+05
6.398223134106599819e-01 1.019033894331775691e+01 -1.239809470394763339e+05
6.398223134106599819e-01 1.019033894331775691e+01 -1.239809470394763339e+05
6.398223134106599819e-01 1.019033894331775691e+01 -1.239809470394763339e+05
6.398223134106599819e-01 1.019033894331775691e+01 -1.239809470394763339e+05
6.398223134106599819e-01 1.019033894331775691e+01 -1.239809470394763339e+05
6.398223134106599819e-01 1.019033894331775691e+01 -1.239809470394763339e+05
6.398223134106599819e-01 1.019033894331775691e+01 -1.239809470394763339e+05
6.398223134106599819e-01 1.019033894331775691e+01 -1.239809470394763339e+05
6.398223134106599819e-01 1.019033894331775691e+01 -1.239809470394763339e+05
6.418419966953692324e-01 1.019649394811028031e+01 -1.226952531558047922e+05
6.418419966953692324e-01 1.019649394811028031e+01 -1.226952531558047922e+05
6.418419966953692324e-01 1.019649394811028031e+01 -1.226952531558047922e+05
6.418419966953692324e-01 1.019649394811028031e+01 -1.226952531558047922e+05
6.418419966953692324e-01 1.019649394811028031e+01 -1.226952531558047922e+05
6.418419966953692324e-01 1.019649394811028031e+01 -1.226952531558047922e+05
6.418419966953692324e-01 1.019649394811028031e+01 -1.226952531558047922e+05
6.418419966953692324e-01 1.019649394811028031e+01 -1.226952531558047922e+05
6.418419966953692324e-01 1.019649394811028031e+01 -1.226952531558047922e+05
6.418419966953692324e-01 1.019649394811028031e+01 -1.226952531558047922e+05
6.418419966953692324e-01 1.019649394811028031e+01 -1.226952531558047922e+05
6.418419966953692324e-01 1.019649394811028031e+01 -1.226952531558047922e+05
6.418419966953692324e-01 1.019649394811028031e+01 -1.226952531558047922e+05
6.418419966953692324e-01 1.019649394811028031e+01 -1.226952531558047922e+05
6.418419966953692324e-01 1.019649394811028031e+01 -1.226952531558047922e+05
6.418419966953692324e-01 1.019649394811028031e+01 -1.226952531558047922e+05
6.418419966953692324e-01 1.019649394811028031e+01 -1.226952531558047922e+05
6.418419966953692324e-01 1.019649394811028031e+01 -1.226952531558047922e+05
6.418419966953692324e-01 1.019649394811028031e+01 -1.226952531558047922e+05
6.418419966953692324e-01 1.019649394811028031e+01 -1.226952531558047922e+05
6.418419966953692324e-01 1.019649394811028031e+01 -1.226952531558047922e+05
6.418419966953692324e-01 1.019649394811028031e+01 -1.226952531558047922e+05
6.418419966953692324e-01 1.019649394811028031e+01 -1.226952531558047922e+05
6.418419966953692324e-01 1.019649394811028031e+01 -1.226952531558047922e+05
6.418419966953692324e-01 1.019649394811028031e+01 -1.226952531558047922e+05
6.418419966953692324e-01 1.019649394811028031e+01 -1.226952531558047922e+05
6.418419966953692324e-01 1.019649394811028031e+01 -1.226952531558047922e+05
6.418419966953692324e-01 1.019649394811028031e+01 -1.226952531558047922e+05
6.418419966953692324e-01 1.019649394811028031e+01 -1.226952531558047922e+05
6.418419966953692324e-01 1.019649394811028031e+01 -1.226952531558047922e+05
6.418419966953692324e-01 1.019649394811028031e+01 -1.226952531558047922e+05
6.418419966953692324e-01 1.019649394811028031e+01 -1.226952531558047922e+05
6.418419966953692324e-01 1.019649394811028031e+01 -1.226952531558047922e+05
6.418419966953692324e-01 1.019649394811028031e+01 -1.226952531558047922e+05
6.418419966953692324e-01 1.019649394811028031e+01 -1.226952531558047922e+05
6.418419966953692324e-01 1.019649394811028031e+01 -1.226952531558047922e+05
6.418419966953692324e-01 1.019649394811028031e+01 -1.226952531558047922e+05
6.418419966953692324e-01 1.019649394811028031e+01 -1.226952531558047922e+05
6.418419966953692324e-01 1.019649394811028031e+01 -1.226952531558047922e+05
6.418419966953692324e-01 1.019649394811028031e+01 -1.226952531558047922e+05
6.418419966953692324e-01 1.019649394811028031e+01 -1.226952531558047922e+05
6.418419966953692324e-01 1.019649394811028031e+01 -1.226952531558047922e+05
6.418419966953692324e-01 1.019649394811028031e+01 -1.226952531558047922e+05
6.418419966953692324e-01 1.019649394811028031e+01 -1.226952531558047922e+05
6.418419966953692324e-01 1.019649394811028031e+01 -1.226952531558047922e+05
6.418419966953692324e-01 1.019649394811028031e+01 -1.226952531558047922e+05
6.418419966953692324e-01 1.019649394811028031e+01 -1.226952531558047922e+05
6.418419966953692324e-01 1.019649394811028031e+01 -1.226952531558047922e+05
6.418419966953692324e-01 1.019649394811028031e+01 -1.226952531558047922e+05
6.418419966953692324e-01 1.019649394811028031e+01 -1.226952531558047922e+05
6.418419966953692324e-01 1.019649394811028031e+01 -1.226952531558047922e+05
6.418419966953692324e-01 1.019649394811028031e+01 -1.226952531558047922e+05
6.418419966953692324e-01 1.019649394811028031e+01 -1.226952531558047922e+05
6.418419966953692324e-01 1.019649394811028031e+01 -1.226952531558047922e+05
6.418419966953692324e-01 1.019649394811028031e+01 -1.226952531558047922e+05
6.418419966953692324e-01 1.019649394811028031e+01 -1.226952531558047922e+05
6.418419966953692324e-01 1.019649394811028031e+01 -1.226952531558047922e+05
6.418419966953692324e-01 1.019649394811028031e+01 -1.226952531558047922e+05
6.418419966953692324e-01 1.019649394811028031e+01 -1.226952531558047922e+05
6.418419966953692324e-01 1.019649394811028031e+01 -1.226952531558047922e+05
6.418419966953692324e-01 1.019649394811028031e+01 -1.226952531558047922e+05
6.418419966953692324e-01 1.019649394811028031e+01 -1.226952531558047922e+05
6.418419966953692324e-01 1.019649394811028031e+01 -1.226952531558047922e+05
6.418419966953692324e-01 1.019649394811028031e+01 -1.226952531558047922e+05
6.418419966953692324e-01 1.019649394811028031e+01 -1.226952531558047922e+05
6.418419966953692324e-01 1.019649394811028031e+01 -1.226952531558047922e+05
6.418419966953692324e-01 1.019649394811028031e+01 -1.226952531558047922e+05
6.418419966953692324e-01 1.019649394811028031e+01 -1.226952531558047922e+05
6.418419966953692324e-01 1.019649394811028031e+01 -1.226952531558047922e+05
6.418419966953692324e-01 1.019649394811028031e+01 -1.226952531558047922e+05
6.418419966953692324e-01 1.019649394811028031e+01 -1.226952531558047922e+05
6.418419966953692324e-01 1.019649394811028031e+01 -1.226952531558047922e+05
6.418419966953692324e-01 1.019649394811028031e+01 -1.226952531558047922e+05
6.418419966953692324e-01 1.019649394811028031e+01 -1.226952531558047922e+05
6.418419966953692324e-01 1.019649394811028031e+01 -1.226952531558047922e+05
6.418419966953692324e-01 1.019649394811028031e+01 -1.226952531558047922e+05
6.418419966953692324e-01 1.019649394811028031e+01 -1.226952531558047922e+05
6.418419966953692324e-01 1.019649394811028031e+01 -1.226952531558047922e+05
6.418419966953692324e-01 1.019649394811028031e+01 -1.226952531558047922e+05
6.418419966953692324e-01 1.019649394811028031e+01 -1.226952531558047922e+05
6.418419966953692324e-01 1.019649394811028031e+01 -1.226952531558047922e+05
6.418419966953692324e-01 1.019649394811028031e+01 -1.226952531558047922e+05
6.418419966953692324e-01 1.019649394811028031e+01 -1.226952531558047922e+05
6.418419966953692324e-01 1.019649394811028031e+01 -1.226952531558047922e+05
6.418419966953692324e-01 1.019649394811028031e+01 -1.226952531558047922e+05
6.418419966953692324e-01 1.019649394811028031e+01 -1.226952531558047922e+05
6.418419966953692324e-01 1.019649394811028031e+01 -1.226952531558047922e+05
6.418419966953692324e-01 1.019649394811028031e+01 -1.226952531558047922e+05
6.418419966953692324e-01 1.019649394811028031e+01 -1.226952531558047922e+05
6.418419966953692324e-01 1.019649394811028031e+01 -1.226952531558047922e+05
6.418419966953692324e-01 1.019649394811028031e+01 -1.226952531558047922e+05
6.418419966953692324e-01 1.019649394811028031e+01 -1.226952531558047922e+05
6.418419966953692324e-01 1.019649394811028031e+01 -1.226952531558047922e+05
6.418419966953692324e-01 1.019649394811028031e+01 -1.226952531558047922e+05
6.418419966953692324e-01 1.019649394811028031e+01 -1.226952531558047922e+05
6.418419966953692324e-01 1.019649394811028031e+01 -1.226952531558047922e+05
6.418419966953692324e-01 1.019649394811028031e+01 -1.226952531558047922e+05
6.418419966953692324e-01 1.019649394811028031e+01 -1.226952531558047922e+05
6.418419966953692324e-01 1.019649394811028031e+01 -1.226952531558047922e+05
6.418419966953692324e-01 1.019649394811028031e+01 -1.226952531558047922e+05
6.418419966953692324e-01 1.019649394811028031e+01 -1.226952531558047922e+05
6.418419966953692324e-01 1.019649394811028031e+01 -1.226952531558047922e+05
6.418419966953692324e-01 1.019649394811028031e+01 -1.226952531558047922e+05
6.418419966953692324e-01 1.019649394811028031e+01 -1.226952531558047922e+05
6.418419966953692324e-01 1.019649394811028031e+01 -1.226952531558047922e+05
6.418419966953692324e-01 1.019649394811028031e+01 -1.226952531558047922e+05
6.418419966953692324e-01 1.019649394811028031e+01 -1.226952531558047922e+05
6.418419966953692324e-01 1.019649394811028031e+01 -1.226952531558047922e+05
6.418419966953692324e-01 1.019649394811028031e+01 -1.226952531558047922e+05
6.418419966953692324e-01 1.019649394811028031e+01 -1.226952531558047922e+05
6.418419966953692324e-01 1.019649394811028031e+01 -1.226952531558047922e+05
6.418419966953692324e-01 1.019649394811028031e+01 -1.226952531558047922e+05
6.418419966953692324e-01 1.019649394811028031e+01 -1.226952531558047922e+05
6.418419966953692324e-01 1.019649394811028031e+01 -1.226952531558047922e+05
6.418419966953692324e-01 1.019649394811028031e+01 -1.226952531558047922e+05
6.418419966953692324e-01 1.019649394811028031e+01 -1.226952531558047922e+05
6.418419966953692324e-01 1.019649394811028031e+01 -1.226952531558047922e+05
6.418419966953692324e-01 1.019649394811028031e+01 -1.226952531558047922e+05
6.418419966953692324e-01 1.019649394811028031e+01 -1.226952531558047922e+05
6.418419966953692324e-01 1.019649394811028031e+01 -1.226952531558047922e+05
6.418419966953692324e-01 1.019649394811028031e+01 -1.226952531558047922e+05
6.418419966953692324e-01 1.019649394811028031e+01 -1.226952531558047922e+05
6.418419966953692324e-01 1.019649394811028031e+01 -1.226952531558047922e+05
6.418419966953692324e-01 1.019649394811028031e+01 -1.226952531558047922e+05
6.418419966953692324e-01 1.019649394811028031e+01 -1.226952531558047922e+05
6.418419966953692324e-01 1.019649394811028031e+01 -1.226952531558047922e+05
6.418419966953692324e-01 1.019649394811028031e+01 -1.226952531558047922e+05
6.418419966953692324e-01 1.019649394811028031e+01 -1.226952531558047922e+05
6.418419966953692324e-01 1.019649394811028031e+01 -1.226952531558047922e+05
6.418419966953692324e-01 1.019649394811028031e+01 -1.226952531558047922e+05
6.418419966953692324e-01 1.019649394811028031e+01 -1.226952531558047922e+05
6.418419966953692324e-01 1.019649394811028031e+01 -1.226952531558047922e+05
6.418419966953692324e-01 1.019649394811028031e+01 -1.226952531558047922e+05
6.418419966953692324e-01 1.019649394811028031e+01 -1.226952531558047922e+05
6.418419966953692324e-01 1.019649394811028031e+01 -1.226952531558047922e+05
6.418419966953692324e-01 1.019649394811028031e+01 -1.226952531558047922e+05
6.418419966953692324e-01 1.019649394811028031e+01 -1.226952531558047922e+05
6.418419966953692324e-01 1.019649394811028031e+01 -1.226952531558047922e+05
6.418419966953692324e-01 1.019649394811028031e+01 -1.226952531558047922e+05
6.418419966953692324e-01 1.019649394811028031e+01 -1.226952531558047922e+05
6.418419966953692324e-01 1.019649394811028031e+01 -1.226952531558047922e+05
6.418419966953692324e-01 1.019649394811028031e+01 -1.226952531558047922e+05
6.418419966953692324e-01 1.019649394811028031e+01 -1.226952531558047922e+05
6.418419966953692324e-01 1.019649394811028031e+01 -1.226952531558047922e+05
6.418419966953692324e-01 1.019649394811028031e+01 -1.226952531558047922e+05
6.418419966953692324e-01 1.019649394811028031e+01 -1.226952531558047922e+05
6.418419966953692324e-01 1.019649394811028031e+01 -1.226952531558047922e+05
6.418419966953692324e-01 1.019649394811028031e+01 -1.226952531558047922e+05
6.418419966953692324e-01 1.019649394811028031e+01 -1.226952531558047922e+05
6.418419966953692324e-01 1.019649394811028031e+01 -1.226952531558047922e+05
6.418419966953692324e-01 1.019649394811028031e+01 -1.226952531558047922e+05
6.418419966953692324e-01 1.019649394811028031e+01 -1.226952531558047922e+05
6.418419966953692324e-01 1.019649394811028031e+01 -1.226952531558047922e+05
6.418419966953692324e-01 1.019649394811028031e+01 -1.226952531558047922e+05
6.418419966953692324e-01 1.019649394811028031e+01 -1.226952531558047922e+05
6.418419966953692324e-01 1.019649394811028031e+01 -1.226952531558047922e+05
6.418419966953692324e-01 1.019649394811028031e+01 -1.226952531558047922e+05
6.418419966953692324e-01 1.019649394811028031e+01 -1.226952531558047922e+05
6.418419966953692324e-01 1.019649394811028031e+01 -1.226952531558047922e+05
6.418419966953692324e-01 1.019649394811028031e+01 -1.226952531558047922e+05
6.418419966953692324e-01 1.019649394811028031e+01 -1.226952531558047922e+05
6.418419966953692324e-01 1.019649394811028031e+01 -1.226952531558047922e+05
6.418419966953692324e-01 1.019649394811028031e+01 -1.226952531558047922e+05
6.418419966953692324e-01 1.019649394811028031e+01 -1.226952531558047922e+05
6.418419966953692324e-01 1.019649394811028031e+01 -1.226952531558047922e+05
6.418419966953692324e-01 1.019649394811028031e+01 -1.226952531558047922e+05
6.418419966953692324e-01 1.019649394811028031e+01 -1.226952531558047922e+05
6.418419966953692324e-01 1.019649394811028031e+01 -1.226952531558047922e+05
6.418419966953692324e-01 1.019649394811028031e+01 -1.226952531558047922e+05
6.418419966953692324e-01 1.019649394811028031e+01 -1.226952531558047922e+05
6.418419966953692324e-01 1.019649394811028031e+01 -1.226952531558047922e+05
6.418419966953692324e-01 1.019649394811028031e+01 -1.226952531558047922e+05
6.418419966953692324e-01 1.019649394811028031e+01 -1.226952531558047922e+05
6.418419966953692324e-01 1.019649394811028031e+01 -1.226952531558047922e+05
6.418419966953692324e-01 1.019649394811028031e+01 -1.226952531558047922e+05
6.418419966953692324e-01 1.019649394811028031e+01 -1.226952531558047922e+05
6.418419966953692324e-01 1.019649394811028031e+01 -1.226952531558047922e+05
6.418419966953692324e-01 1.019649394811028031e+01 -1.226952531558047922e+05
6.418419966953692324e-01 1.019649394811028031e+01 -1.226952531558047922e+05
6.418419966953692324e-01 1.019649394811028031e+01 -1.226952531558047922e+05
6.418419966953692324e-01 1.019649394811028031e+01 -1.226952531558047922e+05
6.418419966953692324e-01 1.019649394811028031e+01 -1.226952531558047922e+05
6.418419966953692324e-01 1.019649394811028031e+01 -1.226952531558047922e+05
6.418419966953692324e-01 1.019649394811028031e+01 -1.226952531558047922e+05
6.418419966953692324e-01 1.019649394811028031e+01 -1.226952531558047922e+05
6.418419966953692324e-01 1.019649394811028031e+01 -1.226952531558047922e+05
6.418419966953692324e-01 1.019649394811028031e+01 -1.226952531558047922e+05
6.418419966953692324e-01 1.019649394811028031e+01 -1.226952531558047922e+05
6.418419966953692324e-01 1.019649394811028031e+01 -1.226952531558047922e+05
6.418419966953692324e-01 1.019649394811028031e+01 -1.226952531558047922e+05
6.418419966953692324e-01 1.019649394811028031e+01 -1.226952531558047922e+05
6.418419966953692324e-01 1.019649394811028031e+01 -1.226952531558047922e+05
6.418419966953692324e-01 1.019649394811028031e+01 -1.226952531558047922e+05
6.418419966953692324e-01 1.019649394811028031e+01 -1.226952531558047922e+05
6.418419966953692324e-01 1.019649394811028031e+01 -1.226952531558047922e+05
6.418419966953692324e-01 1.019649394811028031e+01 -1.226952531558047922e+05
6.418419966953692324e-01 1.019649394811028031e+01 -1.226952531558047922e+05
6.418419966953692324e-01 1.019649394811028031e+01 -1.226952531558047922e+05
6.418419966953692324e-01 1.019649394811028031e+01 -1.226952531558047922e+05
6.418419966953692324e-01 1.019649394811028031e+01 -1.226952531558047922e+05
6.418419966953692324e-01 1.019649394811028031e+01 -1.226952531558047922e+05
