# sigma_z/sigma_R log_{10} M_{rm BH} lnprob
9.000492061342992844e-01 9.029874553750847355e+00 -1.098940916816725922e+11
9.000492061342992844e-01 9.029874553750847355e+00 -1.098940916816725922e+11
9.024549502381967736e-01 9.163896078306301263e+00 -1.093094682197058563e+11
9.024549502381967736e-01 9.163896078306301263e+00 -1.093094682197058563e+11
9.066715201981127015e-01 9.070849273835481341e+00 -1.082960027064872437e+11
9.344836479764442316e-01 8.936427819106972592e+00 -1.019515462990050964e+11
9.424181222782049838e-01 8.653142035196879078e+00 -1.002438066582077332e+11
9.424181222782049838e-01 8.653142035196879078e+00 -1.002438066582077332e+11
9.424181222782049838e-01 8.653142035196879078e+00 -1.002438066582077332e+11
9.587735354924463715e-01 8.455719053858036460e+00 -9.685656254517959595e+10
1.008552806060757145e+00 7.801429502855222076e+00 -8.754255684446714783e+10
1.066048421481272879e+00 7.251277124247499373e+00 -7.836773719066056824e+10
1.079325562190458276e+00 7.220049316226732294e+00 -7.645486260100064087e+10
1.092205232227238865e+00 7.090714541606897292e+00 -7.466557576531083679e+10
1.092205232227238865e+00 7.090714541606897292e+00 -7.466557576531083679e+10
1.092205232227238865e+00 7.090714541606897292e+00 -7.466557576531083679e+10
1.092205232227238865e+00 7.090714541606897292e+00 -7.466557576531083679e+10
1.092205232227238865e+00 7.090714541606897292e+00 -7.466557576531083679e+10
1.092205232227238865e+00 7.090714541606897292e+00 -7.466557576531083679e+10
1.092205232227238865e+00 7.090714541606897292e+00 -7.466557576531083679e+10
1.092205232227238865e+00 7.090714541606897292e+00 -7.466557576531083679e+10
1.092205232227238865e+00 7.090714541606897292e+00 -7.466557576531083679e+10
1.092205232227238865e+00 7.090714541606897292e+00 -7.466557576531083679e+10
1.092205232227238865e+00 7.090714541606897292e+00 -7.466557576531083679e+10
1.092205232227238865e+00 7.090714541606897292e+00 -7.466557576531083679e+10
1.092205232227238865e+00 7.090714541606897292e+00 -7.466557576531083679e+10
1.092205232227238865e+00 7.090714541606897292e+00 -7.466557576531083679e+10
1.092205232227238865e+00 7.090714541606897292e+00 -7.466557576531083679e+10
1.092205232227238865e+00 7.090714541606897292e+00 -7.466557576531083679e+10
1.092205232227238865e+00 7.090714541606897292e+00 -7.466557576531083679e+10
1.092205232227238865e+00 7.090714541606897292e+00 -7.466557576531083679e+10
1.092205232227238865e+00 7.090714541606897292e+00 -7.466557576531083679e+10
1.092205232227238865e+00 7.090714541606897292e+00 -7.466557576531083679e+10
1.092205232227238865e+00 7.090714541606897292e+00 -7.466557576531083679e+10
1.092205232227238865e+00 7.090714541606897292e+00 -7.466557576531083679e+10
1.097982975568341235e+00 7.083723206328740751e+00 -7.388331443717317200e+10
1.097982975568341235e+00 7.083723206328740751e+00 -7.388331443717317200e+10
1.097982975568341235e+00 7.083723206328740751e+00 -7.388331443717317200e+10
1.097982975568341235e+00 7.083723206328740751e+00 -7.388331443717317200e+10
1.097982975568341235e+00 7.083723206328740751e+00 -7.388331443717317200e+10
1.097982975568341235e+00 7.083723206328740751e+00 -7.388331443717317200e+10
1.097982975568341235e+00 7.083723206328740751e+00 -7.388331443717317200e+10
1.097982975568341235e+00 7.083723206328740751e+00 -7.388331443717317200e+10
1.097982975568341235e+00 7.083723206328740751e+00 -7.388331443717317200e+10
1.097982975568341235e+00 7.083723206328740751e+00 -7.388331443717317200e+10
1.097982975568341235e+00 7.083723206328740751e+00 -7.388331443717317200e+10
1.097982975568341235e+00 7.083723206328740751e+00 -7.388331443717317200e+10
1.097982975568341235e+00 7.083723206328740751e+00 -7.388331443717317200e+10
1.097982975568341235e+00 7.083723206328740751e+00 -7.388331443717317200e+10
1.097982975568341235e+00 7.083723206328740751e+00 -7.388331443717317200e+10
1.097982975568341235e+00 7.083723206328740751e+00 -7.388331443717317200e+10
1.097982975568341235e+00 7.083723206328740751e+00 -7.388331443717317200e+10
1.097982975568341235e+00 7.083723206328740751e+00 -7.388331443717317200e+10
1.097982975568341235e+00 7.083723206328740751e+00 -7.388331443717317200e+10
1.097982975568341235e+00 7.083723206328740751e+00 -7.388331443717317200e+10
1.097982975568341235e+00 7.083723206328740751e+00 -7.388331443717317200e+10
1.097982975568341235e+00 7.083723206328740751e+00 -7.388331443717317200e+10
1.097982975568341235e+00 7.083723206328740751e+00 -7.388331443717317200e+10
1.097982975568341235e+00 7.083723206328740751e+00 -7.388331443717317200e+10
1.097982975568341235e+00 7.083723206328740751e+00 -7.388331443717317200e+10
1.097982975568341235e+00 7.083723206328740751e+00 -7.388331443717317200e+10
1.097982975568341235e+00 7.083723206328740751e+00 -7.388331443717317200e+10
1.097982975568341235e+00 7.083723206328740751e+00 -7.388331443717317200e+10
1.097982975568341235e+00 7.083723206328740751e+00 -7.388331443717317200e+10
1.097982975568341235e+00 7.083723206328740751e+00 -7.388331443717317200e+10
1.097982975568341235e+00 7.083723206328740751e+00 -7.388331443717317200e+10
1.101024628911666081e+00 7.057933102865394659e+00 -7.347644226643614197e+10
1.101024628911666081e+00 7.057933102865394659e+00 -7.347644226643614197e+10
1.101024628911666081e+00 7.057933102865394659e+00 -7.347644226643614197e+10
1.101024628911666081e+00 7.057933102865394659e+00 -7.347644226643614197e+10
1.101128626456014059e+00 7.021209514999498857e+00 -7.346259048809585571e+10
1.101128626456014059e+00 7.021209514999498857e+00 -7.346259048809585571e+10
1.107783810712232864e+00 7.045755492118123797e+00 -7.258426885878244019e+10
1.107783810712232864e+00 7.045755492118123797e+00 -7.258426885878244019e+10
1.107783810712232864e+00 7.045755492118123797e+00 -7.258426885878244019e+10
1.107783810712232864e+00 7.045755492118123797e+00 -7.258426885878244019e+10
1.107783810712232864e+00 7.045755492118123797e+00 -7.258426885878244019e+10
1.107783810712232864e+00 7.045755492118123797e+00 -7.258426885878244019e+10
1.107783810712232864e+00 7.045755492118123797e+00 -7.258426885878244019e+10
1.107783810712232864e+00 7.045755492118123797e+00 -7.258426885878244019e+10
1.107783810712232864e+00 7.045755492118123797e+00 -7.258426885878244019e+10
1.107783810712232864e+00 7.045755492118123797e+00 -7.258426885878244019e+10
1.107783810712232864e+00 7.045755492118123797e+00 -7.258426885878244019e+10
1.107783810712232864e+00 7.045755492118123797e+00 -7.258426885878244019e+10
1.107783810712232864e+00 7.045755492118123797e+00 -7.258426885878244019e+10
1.107783810712232864e+00 7.045755492118123797e+00 -7.258426885878244019e+10
1.107783810712232864e+00 7.045755492118123797e+00 -7.258426885878244019e+10
1.107783810712232864e+00 7.045755492118123797e+00 -7.258426885878244019e+10
1.107783810712232864e+00 7.045755492118123797e+00 -7.258426885878244019e+10
1.107783810712232864e+00 7.045755492118123797e+00 -7.258426885878244019e+10
1.107783810712232864e+00 7.045755492118123797e+00 -7.258426885878244019e+10
1.107783810712232864e+00 7.045755492118123797e+00 -7.258426885878244019e+10
1.107783810712232864e+00 7.045755492118123797e+00 -7.258426885878244019e+10
1.107783810712232864e+00 7.045755492118123797e+00 -7.258426885878244019e+10
1.107783810712232864e+00 7.045755492118123797e+00 -7.258426885878244019e+10
1.107783810712232864e+00 7.045755492118123797e+00 -7.258426885878244019e+10
1.107783810712232864e+00 7.045755492118123797e+00 -7.258426885878244019e+10
1.107783810712232864e+00 7.045755492118123797e+00 -7.258426885878244019e+10
1.107783810712232864e+00 7.045755492118123797e+00 -7.258426885878244019e+10
1.107783810712232864e+00 7.045755492118123797e+00 -7.258426885878244019e+10
1.107783810712232864e+00 7.045755492118123797e+00 -7.258426885878244019e+10
1.107783810712232864e+00 7.045755492118123797e+00 -7.258426885878244019e+10
1.107783810712232864e+00 7.045755492118123797e+00 -7.258426885878244019e+10
1.107783810712232864e+00 7.045755492118123797e+00 -7.258426885878244019e+10
1.107783810712232864e+00 7.045755492118123797e+00 -7.258426885878244019e+10
1.107783810712232864e+00 7.045755492118123797e+00 -7.258426885878244019e+10
1.107783810712232864e+00 7.045755492118123797e+00 -7.258426885878244019e+10
1.107783810712232864e+00 7.045755492118123797e+00 -7.258426885878244019e+10
1.107783810712232864e+00 7.045755492118123797e+00 -7.258426885878244019e+10
1.107783810712232864e+00 7.045755492118123797e+00 -7.258426885878244019e+10
1.107783810712232864e+00 7.045755492118123797e+00 -7.258426885878244019e+10
1.107783810712232864e+00 7.045755492118123797e+00 -7.258426885878244019e+10
1.107783810712232864e+00 7.045755492118123797e+00 -7.258426885878244019e+10
1.107783810712232864e+00 7.045755492118123797e+00 -7.258426885878244019e+10
1.107783810712232864e+00 7.045755492118123797e+00 -7.258426885878244019e+10
1.107783810712232864e+00 7.045755492118123797e+00 -7.258426885878244019e+10
1.107783810712232864e+00 7.045755492118123797e+00 -7.258426885878244019e+10
1.107783810712232864e+00 7.045755492118123797e+00 -7.258426885878244019e+10
1.107783810712232864e+00 7.045755492118123797e+00 -7.258426885878244019e+10
1.107783810712232864e+00 7.045755492118123797e+00 -7.258426885878244019e+10
1.107783810712232864e+00 7.045755492118123797e+00 -7.258426885878244019e+10
1.107783810712232864e+00 7.045755492118123797e+00 -7.258426885878244019e+10
1.107783810712232864e+00 7.045755492118123797e+00 -7.258426885878244019e+10
1.107783810712232864e+00 7.045755492118123797e+00 -7.258426885878244019e+10
1.107783810712232864e+00 7.045755492118123797e+00 -7.258426885878244019e+10
1.107783810712232864e+00 7.045755492118123797e+00 -7.258426885878244019e+10
1.107783810712232864e+00 7.045755492118123797e+00 -7.258426885878244019e+10
1.107783810712232864e+00 7.045755492118123797e+00 -7.258426885878244019e+10
1.107783810712232864e+00 7.045755492118123797e+00 -7.258426885878244019e+10
1.107783810712232864e+00 7.045755492118123797e+00 -7.258426885878244019e+10
1.107783810712232864e+00 7.045755492118123797e+00 -7.258426885878244019e+10
1.107783810712232864e+00 7.045755492118123797e+00 -7.258426885878244019e+10
1.107783810712232864e+00 7.045755492118123797e+00 -7.258426885878244019e+10
1.107783810712232864e+00 7.045755492118123797e+00 -7.258426885878244019e+10
1.107783810712232864e+00 7.045755492118123797e+00 -7.258426885878244019e+10
1.107783810712232864e+00 7.045755492118123797e+00 -7.258426885878244019e+10
1.107783810712232864e+00 7.045755492118123797e+00 -7.258426885878244019e+10
1.107783810712232864e+00 7.045755492118123797e+00 -7.258426885878244019e+10
1.107783810712232864e+00 7.045755492118123797e+00 -7.258426885878244019e+10
1.107783810712232864e+00 7.045755492118123797e+00 -7.258426885878244019e+10
1.107783810712232864e+00 7.045755492118123797e+00 -7.258426885878244019e+10
1.107783810712232864e+00 7.045755492118123797e+00 -7.258426885878244019e+10
1.107783810712232864e+00 7.045755492118123797e+00 -7.258426885878244019e+10
1.107783810712232864e+00 7.045755492118123797e+00 -7.258426885878244019e+10
1.107783810712232864e+00 7.045755492118123797e+00 -7.258426885878244019e+10
1.107783810712232864e+00 7.045755492118123797e+00 -7.258426885878244019e+10
1.107783810712232864e+00 7.045755492118123797e+00 -7.258426885878244019e+10
1.107783810712232864e+00 7.045755492118123797e+00 -7.258426885878244019e+10
1.107783810712232864e+00 7.045755492118123797e+00 -7.258426885878244019e+10
1.107783810712232864e+00 7.045755492118123797e+00 -7.258426885878244019e+10
1.107783810712232864e+00 7.045755492118123797e+00 -7.258426885878244019e+10
1.107783810712232864e+00 7.045755492118123797e+00 -7.258426885878244019e+10
1.107783810712232864e+00 7.045755492118123797e+00 -7.258426885878244019e+10
1.107783810712232864e+00 7.045755492118123797e+00 -7.258426885878244019e+10
1.107783810712232864e+00 7.045755492118123797e+00 -7.258426885878244019e+10
1.107783810712232864e+00 7.045755492118123797e+00 -7.258426885878244019e+10
1.107783810712232864e+00 7.045755492118123797e+00 -7.258426885878244019e+10
1.107783810712232864e+00 7.045755492118123797e+00 -7.258426885878244019e+10
1.107783810712232864e+00 7.045755492118123797e+00 -7.258426885878244019e+10
1.107783810712232864e+00 7.045755492118123797e+00 -7.258426885878244019e+10
1.107783810712232864e+00 7.045755492118123797e+00 -7.258426885878244019e+10
1.107783810712232864e+00 7.045755492118123797e+00 -7.258426885878244019e+10
1.107783810712232864e+00 7.045755492118123797e+00 -7.258426885878244019e+10
1.107783810712232864e+00 7.045755492118123797e+00 -7.258426885878244019e+10
1.107783810712232864e+00 7.045755492118123797e+00 -7.258426885878244019e+10
1.107783810712232864e+00 7.045755492118123797e+00 -7.258426885878244019e+10
1.107783810712232864e+00 7.045755492118123797e+00 -7.258426885878244019e+10
1.107783810712232864e+00 7.045755492118123797e+00 -7.258426885878244019e+10
1.107783810712232864e+00 7.045755492118123797e+00 -7.258426885878244019e+10
1.107783810712232864e+00 7.045755492118123797e+00 -7.258426885878244019e+10
1.107783810712232864e+00 7.045755492118123797e+00 -7.258426885878244019e+10
1.107783810712232864e+00 7.045755492118123797e+00 -7.258426885878244019e+10
1.107783810712232864e+00 7.045755492118123797e+00 -7.258426885878244019e+10
1.107783810712232864e+00 7.045755492118123797e+00 -7.258426885878244019e+10
1.107783810712232864e+00 7.045755492118123797e+00 -7.258426885878244019e+10
1.107783810712232864e+00 7.045755492118123797e+00 -7.258426885878244019e+10
1.107783810712232864e+00 7.045755492118123797e+00 -7.258426885878244019e+10
1.107783810712232864e+00 7.045755492118123797e+00 -7.258426885878244019e+10
1.107783810712232864e+00 7.045755492118123797e+00 -7.258426885878244019e+10
1.111911875743299083e+00 7.083827210604601632e+00 -7.204738033606230164e+10
1.111911875743299083e+00 7.083827210604601632e+00 -7.204738033606230164e+10
1.111911875743299083e+00 7.083827210604601632e+00 -7.204738033606230164e+10
1.125452201112437489e+00 7.042596374097982448e+00 -7.032766836273510742e+10
1.125452201112437489e+00 7.042596374097982448e+00 -7.032766836273510742e+10
1.125452201112437489e+00 7.042596374097982448e+00 -7.032766836273510742e+10
1.125452201112437489e+00 7.042596374097982448e+00 -7.032766836273510742e+10
1.125452201112437489e+00 7.042596374097982448e+00 -7.032766836273510742e+10
1.125452201112437489e+00 7.042596374097982448e+00 -7.032766836273510742e+10
1.125452201112437489e+00 7.042596374097982448e+00 -7.032766836273510742e+10
1.125452201112437489e+00 7.042596374097982448e+00 -7.032766836273510742e+10
1.129334648654733320e+00 7.021095230641270390e+00 -6.984595752978543091e+10
1.129334648654733320e+00 7.021095230641270390e+00 -6.984595752978543091e+10
1.129334648654733320e+00 7.021095230641270390e+00 -6.984595752978543091e+10
1.129334648654733320e+00 7.021095230641270390e+00 -6.984595752978543091e+10
1.129334648654733320e+00 7.021095230641270390e+00 -6.984595752978543091e+10
1.129334648654733320e+00 7.021095230641270390e+00 -6.984595752978543091e+10
1.129334648654733320e+00 7.021095230641270390e+00 -6.984595752978543091e+10
1.129334648654733320e+00 7.021095230641270390e+00 -6.984595752978543091e+10
1.129334648654733320e+00 7.021095230641270390e+00 -6.984595752978543091e+10
1.129334648654733320e+00 7.021095230641270390e+00 -6.984595752978543091e+10
1.129334648654733320e+00 7.021095230641270390e+00 -6.984595752978543091e+10
1.129334648654733320e+00 7.021095230641270390e+00 -6.984595752978543091e+10
1.129334648654733320e+00 7.021095230641270390e+00 -6.984595752978543091e+10
1.129334648654733320e+00 7.021095230641270390e+00 -6.984595752978543091e+10
1.129334648654733320e+00 7.021095230641270390e+00 -6.984595752978543091e+10
1.129334648654733320e+00 7.021095230641270390e+00 -6.984595752978543091e+10
1.129334648654733320e+00 7.021095230641270390e+00 -6.984595752978543091e+10
1.129334648654733320e+00 7.021095230641270390e+00 -6.984595752978543091e+10
1.129334648654733320e+00 7.021095230641270390e+00 -6.984595752978543091e+10
1.129334648654733320e+00 7.021095230641270390e+00 -6.984595752978543091e+10
1.129334648654733320e+00 7.021095230641270390e+00 -6.984595752978543091e+10
1.129334648654733320e+00 7.021095230641270390e+00 -6.984595752978543091e+10
1.129334648654733320e+00 7.021095230641270390e+00 -6.984595752978543091e+10
1.129334648654733320e+00 7.021095230641270390e+00 -6.984595752978543091e+10
1.129334648654733320e+00 7.021095230641270390e+00 -6.984595752978543091e+10
1.129334648654733320e+00 7.021095230641270390e+00 -6.984595752978543091e+10
1.129334648654733320e+00 7.021095230641270390e+00 -6.984595752978543091e+10
1.129334648654733320e+00 7.021095230641270390e+00 -6.984595752978543091e+10
1.129334648654733320e+00 7.021095230641270390e+00 -6.984595752978543091e+10
1.129334648654733320e+00 7.021095230641270390e+00 -6.984595752978543091e+10
1.129334648654733320e+00 7.021095230641270390e+00 -6.984595752978543091e+10
1.129334648654733320e+00 7.021095230641270390e+00 -6.984595752978543091e+10
1.129334648654733320e+00 7.021095230641270390e+00 -6.984595752978543091e+10
1.129334648654733320e+00 7.021095230641270390e+00 -6.984595752978543091e+10
1.129334648654733320e+00 7.021095230641270390e+00 -6.984595752978543091e+10
1.129334648654733320e+00 7.021095230641270390e+00 -6.984595752978543091e+10
1.129334648654733320e+00 7.021095230641270390e+00 -6.984595752978543091e+10
1.129334648654733320e+00 7.021095230641270390e+00 -6.984595752978543091e+10
1.129334648654733320e+00 7.021095230641270390e+00 -6.984595752978543091e+10
1.129334648654733320e+00 7.021095230641270390e+00 -6.984595752978543091e+10
1.129334648654733320e+00 7.021095230641270390e+00 -6.984595752978543091e+10
1.129334648654733320e+00 7.021095230641270390e+00 -6.984595752978543091e+10
1.129334648654733320e+00 7.021095230641270390e+00 -6.984595752978543091e+10
1.129334648654733320e+00 7.021095230641270390e+00 -6.984595752978543091e+10
1.129334648654733320e+00 7.021095230641270390e+00 -6.984595752978543091e+10
1.129334648654733320e+00 7.021095230641270390e+00 -6.984595752978543091e+10
1.129334648654733320e+00 7.021095230641270390e+00 -6.984595752978543091e+10
1.129334648654733320e+00 7.021095230641270390e+00 -6.984595752978543091e+10
1.129334648654733320e+00 7.021095230641270390e+00 -6.984595752978543091e+10
1.129334648654733320e+00 7.021095230641270390e+00 -6.984595752978543091e+10
1.129334648654733320e+00 7.021095230641270390e+00 -6.984595752978543091e+10
1.129334648654733320e+00 7.021095230641270390e+00 -6.984595752978543091e+10
1.129334648654733320e+00 7.021095230641270390e+00 -6.984595752978543091e+10
1.129334648654733320e+00 7.021095230641270390e+00 -6.984595752978543091e+10
1.129334648654733320e+00 7.021095230641270390e+00 -6.984595752978543091e+10
1.129334648654733320e+00 7.021095230641270390e+00 -6.984595752978543091e+10
1.143374863592191648e+00 7.013220945550425967e+00 -6.814474106441181946e+10
1.143374863592191648e+00 7.013220945550425967e+00 -6.814474106441181946e+10
1.143374863592191648e+00 7.013220945550425967e+00 -6.814474106441181946e+10
1.143374863592191648e+00 7.013220945550425967e+00 -6.814474106441181946e+10
1.143374863592191648e+00 7.013220945550425967e+00 -6.814474106441181946e+10
1.143374863592191648e+00 7.013220945550425967e+00 -6.814474106441181946e+10
1.143374863592191648e+00 7.013220945550425967e+00 -6.814474106441181946e+10
1.143374863592191648e+00 7.013220945550425967e+00 -6.814474106441181946e+10
1.143374863592191648e+00 7.013220945550425967e+00 -6.814474106441181946e+10
1.143374863592191648e+00 7.013220945550425967e+00 -6.814474106441181946e+10
1.143374863592191648e+00 7.013220945550425967e+00 -6.814474106441181946e+10
1.143374863592191648e+00 7.013220945550425967e+00 -6.814474106441181946e+10
1.143374863592191648e+00 7.013220945550425967e+00 -6.814474106441181946e+10
1.143374863592191648e+00 7.013220945550425967e+00 -6.814474106441181946e+10
1.143374863592191648e+00 7.013220945550425967e+00 -6.814474106441181946e+10
1.143374863592191648e+00 7.013220945550425967e+00 -6.814474106441181946e+10
1.143374863592191648e+00 7.013220945550425967e+00 -6.814474106441181946e+10
1.143374863592191648e+00 7.013220945550425967e+00 -6.814474106441181946e+10
1.143374863592191648e+00 7.013220945550425967e+00 -6.814474106441181946e+10
1.143374863592191648e+00 7.013220945550425967e+00 -6.814474106441181946e+10
1.143374863592191648e+00 7.013220945550425967e+00 -6.814474106441181946e+10
1.143969900041241550e+00 7.051528657503579822e+00 -6.807402391915265656e+10
1.143969900041241550e+00 7.051528657503579822e+00 -6.807402391915265656e+10
1.146252733808951874e+00 7.122218287547947391e+00 -6.780374238374081421e+10
1.146252733808951874e+00 7.122218287547947391e+00 -6.780374238374081421e+10
1.146252733808951874e+00 7.122218287547947391e+00 -6.780374238374081421e+10
1.146783196662583881e+00 7.249683840649762345e+00 -6.774116821526104736e+10
1.146783196662583881e+00 7.249683840649762345e+00 -6.774116821526104736e+10
1.146783196662583881e+00 7.249683840649762345e+00 -6.774116821526104736e+10
1.146783196662583881e+00 7.249683840649762345e+00 -6.774116821526104736e+10
1.177934479057332728e+00 7.120924161387272910e+00 -6.421359524086479187e+10
1.177934479057332728e+00 7.120924161387272910e+00 -6.421359524086479187e+10
1.177934479057332728e+00 7.120924161387272910e+00 -6.421359524086479187e+10
1.190570879258419534e+00 7.543981566322436549e+00 -6.286104207623580933e+10
1.190570879258419534e+00 7.543981566322436549e+00 -6.286104207623580933e+10
1.190570879258419534e+00 7.543981566322436549e+00 -6.286104207623580933e+10
1.190570879258419534e+00 7.543981566322436549e+00 -6.286104207623580933e+10
1.190570879258419534e+00 7.543981566322436549e+00 -6.286104207623580933e+10
1.190570879258419534e+00 7.543981566322436549e+00 -6.286104207623580933e+10
1.190570879258419534e+00 7.543981566322436549e+00 -6.286104207623580933e+10
1.190570879258419534e+00 7.543981566322436549e+00 -6.286104207623580933e+10
1.190570879258419534e+00 7.543981566322436549e+00 -6.286104207623580933e+10
1.190570879258419534e+00 7.543981566322436549e+00 -6.286104207623580933e+10
1.190570879258419534e+00 7.543981566322436549e+00 -6.286104207623580933e+10
1.190570879258419534e+00 7.543981566322436549e+00 -6.286104207623580933e+10
1.190570879258419534e+00 7.543981566322436549e+00 -6.286104207623580933e+10
1.190570879258419534e+00 7.543981566322436549e+00 -6.286104207623580933e+10
1.190570879258419534e+00 7.543981566322436549e+00 -6.286104207623580933e+10
1.190570879258419534e+00 7.543981566322436549e+00 -6.286104207623580933e+10
1.190570879258419534e+00 7.543981566322436549e+00 -6.286104207623580933e+10
1.190570879258419534e+00 7.543981566322436549e+00 -6.286104207623580933e+10
1.190570879258419534e+00 7.543981566322436549e+00 -6.286104207623580933e+10
1.190570879258419534e+00 7.543981566322436549e+00 -6.286104207623580933e+10
1.190570879258419534e+00 7.543981566322436549e+00 -6.286104207623580933e+10
1.190570879258419534e+00 7.543981566322436549e+00 -6.286104207623580933e+10
1.190570879258419534e+00 7.543981566322436549e+00 -6.286104207623580933e+10
1.190570879258419534e+00 7.543981566322436549e+00 -6.286104207623580933e+10
1.190570879258419534e+00 7.543981566322436549e+00 -6.286104207623580933e+10
1.190570879258419534e+00 7.543981566322436549e+00 -6.286104207623580933e+10
1.190570879258419534e+00 7.543981566322436549e+00 -6.286104207623580933e+10
1.190570879258419534e+00 7.543981566322436549e+00 -6.286104207623580933e+10
1.190570879258419534e+00 7.543981566322436549e+00 -6.286104207623580933e+10
1.190570879258419534e+00 7.543981566322436549e+00 -6.286104207623580933e+10
1.190570879258419534e+00 7.543981566322436549e+00 -6.286104207623580933e+10
1.190570879258419534e+00 7.543981566322436549e+00 -6.286104207623580933e+10
1.190570879258419534e+00 7.543981566322436549e+00 -6.286104207623580933e+10
1.190570879258419534e+00 7.543981566322436549e+00 -6.286104207623580933e+10
1.190570879258419534e+00 7.543981566322436549e+00 -6.286104207623580933e+10
1.190570879258419534e+00 7.543981566322436549e+00 -6.286104207623580933e+10
1.198008658866050791e+00 7.766775778944098541e+00 -6.208488362086985779e+10
1.198008658866050791e+00 7.766775778944098541e+00 -6.208488362086985779e+10
1.198008658866050791e+00 7.766775778944098541e+00 -6.208488362086985779e+10
1.198008658866050791e+00 7.766775778944098541e+00 -6.208488362086985779e+10
1.198008658866050791e+00 7.766775778944098541e+00 -6.208488362086985779e+10
1.198008658866050791e+00 7.766775778944098541e+00 -6.208488362086985779e+10
1.198008658866050791e+00 7.766775778944098541e+00 -6.208488362086985779e+10
1.198008658866050791e+00 7.766775778944098541e+00 -6.208488362086985779e+10
1.198008658866050791e+00 7.766775778944098541e+00 -6.208488362086985779e+10
1.198008658866050791e+00 7.766775778944098541e+00 -6.208488362086985779e+10
1.198008658866050791e+00 7.766775778944098541e+00 -6.208488362086985779e+10
1.198008658866050791e+00 7.766775778944098541e+00 -6.208488362086985779e+10
1.198751760230341468e+00 7.593524160366531106e+00 -6.200813198549974060e+10
1.198751760230341468e+00 7.593524160366531106e+00 -6.200813198549974060e+10
1.198751760230341468e+00 7.593524160366531106e+00 -6.200813198549974060e+10
1.198751760230341468e+00 7.593524160366531106e+00 -6.200813198549974060e+10
1.198751760230341468e+00 7.593524160366531106e+00 -6.200813198549974060e+10
1.198751760230341468e+00 7.593524160366531106e+00 -6.200813198549974060e+10
1.198751760230341468e+00 7.593524160366531106e+00 -6.200813198549974060e+10
1.198751760230341468e+00 7.593524160366531106e+00 -6.200813198549974060e+10
1.198751760230341468e+00 7.593524160366531106e+00 -6.200813198549974060e+10
1.198751760230341468e+00 7.593524160366531106e+00 -6.200813198549974060e+10
1.198751760230341468e+00 7.593524160366531106e+00 -6.200813198549974060e+10
1.198751760230341468e+00 7.593524160366531106e+00 -6.200813198549974060e+10
1.198751760230341468e+00 7.593524160366531106e+00 -6.200813198549974060e+10
1.198751760230341468e+00 7.593524160366531106e+00 -6.200813198549974060e+10
1.198751760230341468e+00 7.593524160366531106e+00 -6.200813198549974060e+10
1.198751760230341468e+00 7.593524160366531106e+00 -6.200813198549974060e+10
1.198751760230341468e+00 7.593524160366531106e+00 -6.200813198549974060e+10
1.198751760230341468e+00 7.593524160366531106e+00 -6.200813198549974060e+10
1.198751760230341468e+00 7.593524160366531106e+00 -6.200813198549974060e+10
1.198751760230341468e+00 7.593524160366531106e+00 -6.200813198549974060e+10
1.198751760230341468e+00 7.593524160366531106e+00 -6.200813198549974060e+10
1.198751760230341468e+00 7.593524160366531106e+00 -6.200813198549974060e+10
1.198751760230341468e+00 7.593524160366531106e+00 -6.200813198549974060e+10
1.198751760230341468e+00 7.593524160366531106e+00 -6.200813198549974060e+10
1.198751760230341468e+00 7.593524160366531106e+00 -6.200813198549974060e+10
1.198751760230341468e+00 7.593524160366531106e+00 -6.200813198549974060e+10
1.198751760230341468e+00 7.593524160366531106e+00 -6.200813198549974060e+10
1.198751760230341468e+00 7.593524160366531106e+00 -6.200813198549974060e+10
1.198751760230341468e+00 7.593524160366531106e+00 -6.200813198549974060e+10
1.198751760230341468e+00 7.593524160366531106e+00 -6.200813198549974060e+10
1.198751760230341468e+00 7.593524160366531106e+00 -6.200813198549974060e+10
1.198751760230341468e+00 7.593524160366531106e+00 -6.200813198549974060e+10
1.198751760230341468e+00 7.593524160366531106e+00 -6.200813198549974060e+10
1.198751760230341468e+00 7.593524160366531106e+00 -6.200813198549974060e+10
1.198751760230341468e+00 7.593524160366531106e+00 -6.200813198549974060e+10
1.198751760230341468e+00 7.593524160366531106e+00 -6.200813198549974060e+10
1.198751760230341468e+00 7.593524160366531106e+00 -6.200813198549974060e+10
1.198751760230341468e+00 7.593524160366531106e+00 -6.200813198549974060e+10
1.198751760230341468e+00 7.593524160366531106e+00 -6.200813198549974060e+10
1.198751760230341468e+00 7.593524160366531106e+00 -6.200813198549974060e+10
1.198751760230341468e+00 7.593524160366531106e+00 -6.200813198549974060e+10
1.198751760230341468e+00 7.593524160366531106e+00 -6.200813198549974060e+10
1.198751760230341468e+00 7.593524160366531106e+00 -6.200813198549974060e+10
1.198751760230341468e+00 7.593524160366531106e+00 -6.200813198549974060e+10
1.198751760230341468e+00 7.593524160366531106e+00 -6.200813198549974060e+10
1.198751760230341468e+00 7.593524160366531106e+00 -6.200813198549974060e+10
1.198751760230341468e+00 7.593524160366531106e+00 -6.200813198549974060e+10
1.198751760230341468e+00 7.593524160366531106e+00 -6.200813198549974060e+10
1.198751760230341468e+00 7.593524160366531106e+00 -6.200813198549974060e+10
1.198751760230341468e+00 7.593524160366531106e+00 -6.200813198549974060e+10
1.198751760230341468e+00 7.593524160366531106e+00 -6.200813198549974060e+10
1.198751760230341468e+00 7.593524160366531106e+00 -6.200813198549974060e+10
1.198751760230341468e+00 7.593524160366531106e+00 -6.200813198549974060e+10
1.198751760230341468e+00 7.593524160366531106e+00 -6.200813198549974060e+10
1.198751760230341468e+00 7.593524160366531106e+00 -6.200813198549974060e+10
1.198751760230341468e+00 7.593524160366531106e+00 -6.200813198549974060e+10
1.198751760230341468e+00 7.593524160366531106e+00 -6.200813198549974060e+10
1.198751760230341468e+00 7.593524160366531106e+00 -6.200813198549974060e+10
1.198751760230341468e+00 7.593524160366531106e+00 -6.200813198549974060e+10
1.198751760230341468e+00 7.593524160366531106e+00 -6.200813198549974060e+10
1.198751760230341468e+00 7.593524160366531106e+00 -6.200813198549974060e+10
1.198751760230341468e+00 7.593524160366531106e+00 -6.200813198549974060e+10
1.198751760230341468e+00 7.593524160366531106e+00 -6.200813198549974060e+10
1.198751760230341468e+00 7.593524160366531106e+00 -6.200813198549974060e+10
1.198751760230341468e+00 7.593524160366531106e+00 -6.200813198549974060e+10
1.198751760230341468e+00 7.593524160366531106e+00 -6.200813198549974060e+10
1.198751760230341468e+00 7.593524160366531106e+00 -6.200813198549974060e+10
1.198751760230341468e+00 7.593524160366531106e+00 -6.200813198549974060e+10
1.198751760230341468e+00 7.593524160366531106e+00 -6.200813198549974060e+10
1.198751760230341468e+00 7.593524160366531106e+00 -6.200813198549974060e+10
1.198751760230341468e+00 7.593524160366531106e+00 -6.200813198549974060e+10
1.198751760230341468e+00 7.593524160366531106e+00 -6.200813198549974060e+10
1.198751760230341468e+00 7.593524160366531106e+00 -6.200813198549974060e+10
1.198751760230341468e+00 7.593524160366531106e+00 -6.200813198549974060e+10
1.198751760230341468e+00 7.593524160366531106e+00 -6.200813198549974060e+10
1.198751760230341468e+00 7.593524160366531106e+00 -6.200813198549974060e+10
1.198751760230341468e+00 7.593524160366531106e+00 -6.200813198549974060e+10
1.198751760230341468e+00 7.593524160366531106e+00 -6.200813198549974060e+10
1.198751760230341468e+00 7.593524160366531106e+00 -6.200813198549974060e+10
1.198751760230341468e+00 7.593524160366531106e+00 -6.200813198549974060e+10
1.198751760230341468e+00 7.593524160366531106e+00 -6.200813198549974060e+10
1.198751760230341468e+00 7.593524160366531106e+00 -6.200813198549974060e+10
1.198751760230341468e+00 7.593524160366531106e+00 -6.200813198549974060e+10
1.198751760230341468e+00 7.593524160366531106e+00 -6.200813198549974060e+10
1.198751760230341468e+00 7.593524160366531106e+00 -6.200813198549974060e+10
1.198751760230341468e+00 7.593524160366531106e+00 -6.200813198549974060e+10
1.198751760230341468e+00 7.593524160366531106e+00 -6.200813198549974060e+10
1.198751760230341468e+00 7.593524160366531106e+00 -6.200813198549974060e+10
1.198751760230341468e+00 7.593524160366531106e+00 -6.200813198549974060e+10
1.198751760230341468e+00 7.593524160366531106e+00 -6.200813198549974060e+10
1.198751760230341468e+00 7.593524160366531106e+00 -6.200813198549974060e+10
1.198751760230341468e+00 7.593524160366531106e+00 -6.200813198549974060e+10
1.198751760230341468e+00 7.593524160366531106e+00 -6.200813198549974060e+10
1.198751760230341468e+00 7.593524160366531106e+00 -6.200813198549974060e+10
1.198751760230341468e+00 7.593524160366531106e+00 -6.200813198549974060e+10
1.198751760230341468e+00 7.593524160366531106e+00 -6.200813198549974060e+10
1.198751760230341468e+00 7.593524160366531106e+00 -6.200813198549974060e+10
1.198751760230341468e+00 7.593524160366531106e+00 -6.200813198549974060e+10
1.198751760230341468e+00 7.593524160366531106e+00 -6.200813198549974060e+10
1.198751760230341468e+00 7.593524160366531106e+00 -6.200813198549974060e+10
1.198751760230341468e+00 7.593524160366531106e+00 -6.200813198549974060e+10
1.198751760230341468e+00 7.593524160366531106e+00 -6.200813198549974060e+10
1.198751760230341468e+00 7.593524160366531106e+00 -6.200813198549974060e+10
1.198751760230341468e+00 7.593524160366531106e+00 -6.200813198549974060e+10
1.198751760230341468e+00 7.593524160366531106e+00 -6.200813198549974060e+10
1.198751760230341468e+00 7.593524160366531106e+00 -6.200813198549974060e+10
1.198751760230341468e+00 7.593524160366531106e+00 -6.200813198549974060e+10
1.198751760230341468e+00 7.593524160366531106e+00 -6.200813198549974060e+10
1.198751760230341468e+00 7.593524160366531106e+00 -6.200813198549974060e+10
1.198751760230341468e+00 7.593524160366531106e+00 -6.200813198549974060e+10
1.198751760230341468e+00 7.593524160366531106e+00 -6.200813198549974060e+10
1.198751760230341468e+00 7.593524160366531106e+00 -6.200813198549974060e+10
1.198751760230341468e+00 7.593524160366531106e+00 -6.200813198549974060e+10
1.198751760230341468e+00 7.593524160366531106e+00 -6.200813198549974060e+10
1.198751760230341468e+00 7.593524160366531106e+00 -6.200813198549974060e+10
1.198751760230341468e+00 7.593524160366531106e+00 -6.200813198549974060e+10
1.198751760230341468e+00 7.593524160366531106e+00 -6.200813198549974060e+10
1.198751760230341468e+00 7.593524160366531106e+00 -6.200813198549974060e+10
1.198751760230341468e+00 7.593524160366531106e+00 -6.200813198549974060e+10
1.198751760230341468e+00 7.593524160366531106e+00 -6.200813198549974060e+10
1.198751760230341468e+00 7.593524160366531106e+00 -6.200813198549974060e+10
1.198751760230341468e+00 7.593524160366531106e+00 -6.200813198549974060e+10
1.198751760230341468e+00 7.593524160366531106e+00 -6.200813198549974060e+10
1.198751760230341468e+00 7.593524160366531106e+00 -6.200813198549974060e+10
1.198751760230341468e+00 7.593524160366531106e+00 -6.200813198549974060e+10
1.198751760230341468e+00 7.593524160366531106e+00 -6.200813198549974060e+10
1.198751760230341468e+00 7.593524160366531106e+00 -6.200813198549974060e+10
1.198751760230341468e+00 7.593524160366531106e+00 -6.200813198549974060e+10
1.198751760230341468e+00 7.593524160366531106e+00 -6.200813198549974060e+10
1.198751760230341468e+00 7.593524160366531106e+00 -6.200813198549974060e+10
1.198751760230341468e+00 7.593524160366531106e+00 -6.200813198549974060e+10
1.198751760230341468e+00 7.593524160366531106e+00 -6.200813198549974060e+10
1.198751760230341468e+00 7.593524160366531106e+00 -6.200813198549974060e+10
1.198751760230341468e+00 7.593524160366531106e+00 -6.200813198549974060e+10
1.198751760230341468e+00 7.593524160366531106e+00 -6.200813198549974060e+10
1.198751760230341468e+00 7.593524160366531106e+00 -6.200813198549974060e+10
1.198751760230341468e+00 7.593524160366531106e+00 -6.200813198549974060e+10
1.198751760230341468e+00 7.593524160366531106e+00 -6.200813198549974060e+10
1.198751760230341468e+00 7.593524160366531106e+00 -6.200813198549974060e+10
1.198751760230341468e+00 7.593524160366531106e+00 -6.200813198549974060e+10
1.198751760230341468e+00 7.593524160366531106e+00 -6.200813198549974060e+10
1.198751760230341468e+00 7.593524160366531106e+00 -6.200813198549974060e+10
1.198751760230341468e+00 7.593524160366531106e+00 -6.200813198549974060e+10
1.198751760230341468e+00 7.593524160366531106e+00 -6.200813198549974060e+10
1.198751760230341468e+00 7.593524160366531106e+00 -6.200813198549974060e+10
1.198751760230341468e+00 7.593524160366531106e+00 -6.200813198549974060e+10
1.198751760230341468e+00 7.593524160366531106e+00 -6.200813198549974060e+10
1.198751760230341468e+00 7.593524160366531106e+00 -6.200813198549974060e+10
1.198751760230341468e+00 7.593524160366531106e+00 -6.200813198549974060e+10
1.198751760230341468e+00 7.593524160366531106e+00 -6.200813198549974060e+10
1.198751760230341468e+00 7.593524160366531106e+00 -6.200813198549974060e+10
1.198751760230341468e+00 7.593524160366531106e+00 -6.200813198549974060e+10
1.198751760230341468e+00 7.593524160366531106e+00 -6.200813198549974060e+10
1.198751760230341468e+00 7.593524160366531106e+00 -6.200813198549974060e+10
1.198751760230341468e+00 7.593524160366531106e+00 -6.200813198549974060e+10
1.198751760230341468e+00 7.593524160366531106e+00 -6.200813198549974060e+10
1.198751760230341468e+00 7.593524160366531106e+00 -6.200813198549974060e+10
1.198751760230341468e+00 7.593524160366531106e+00 -6.200813198549974060e+10
1.198751760230341468e+00 7.593524160366531106e+00 -6.200813198549974060e+10
1.198751760230341468e+00 7.593524160366531106e+00 -6.200813198549974060e+10
1.198751760230341468e+00 7.593524160366531106e+00 -6.200813198549974060e+10
1.198751760230341468e+00 7.593524160366531106e+00 -6.200813198549974060e+10
1.198751760230341468e+00 7.593524160366531106e+00 -6.200813198549974060e+10
1.198751760230341468e+00 7.593524160366531106e+00 -6.200813198549974060e+10
1.198751760230341468e+00 7.593524160366531106e+00 -6.200813198549974060e+10
1.198751760230341468e+00 7.593524160366531106e+00 -6.200813198549974060e+10
1.198751760230341468e+00 7.593524160366531106e+00 -6.200813198549974060e+10
1.198751760230341468e+00 7.593524160366531106e+00 -6.200813198549974060e+10
1.198751760230341468e+00 7.593524160366531106e+00 -6.200813198549974060e+10
1.198751760230341468e+00 7.593524160366531106e+00 -6.200813198549974060e+10
1.198751760230341468e+00 7.593524160366531106e+00 -6.200813198549974060e+10
1.198751760230341468e+00 7.593524160366531106e+00 -6.200813198549974060e+10
1.198751760230341468e+00 7.593524160366531106e+00 -6.200813198549974060e+10
1.198751760230341468e+00 7.593524160366531106e+00 -6.200813198549974060e+10
1.198751760230341468e+00 7.593524160366531106e+00 -6.200813198549974060e+10
1.198751760230341468e+00 7.593524160366531106e+00 -6.200813198549974060e+10
1.198751760230341468e+00 7.593524160366531106e+00 -6.200813198549974060e+10
1.198751760230341468e+00 7.593524160366531106e+00 -6.200813198549974060e+10
1.198751760230341468e+00 7.593524160366531106e+00 -6.200813198549974060e+10
1.198751760230341468e+00 7.593524160366531106e+00 -6.200813198549974060e+10
1.198751760230341468e+00 7.593524160366531106e+00 -6.200813198549974060e+10
1.198751760230341468e+00 7.593524160366531106e+00 -6.200813198549974060e+10
1.198751760230341468e+00 7.593524160366531106e+00 -6.200813198549974060e+10
1.198751760230341468e+00 7.593524160366531106e+00 -6.200813198549974060e+10
1.198751760230341468e+00 7.593524160366531106e+00 -6.200813198549974060e+10
1.198751760230341468e+00 7.593524160366531106e+00 -6.200813198549974060e+10
1.198751760230341468e+00 7.593524160366531106e+00 -6.200813198549974060e+10
1.198751760230341468e+00 7.593524160366531106e+00 -6.200813198549974060e+10
1.198751760230341468e+00 7.593524160366531106e+00 -6.200813198549974060e+10
1.198751760230341468e+00 7.593524160366531106e+00 -6.200813198549974060e+10
1.198751760230341468e+00 7.593524160366531106e+00 -6.200813198549974060e+10
1.198751760230341468e+00 7.593524160366531106e+00 -6.200813198549974060e+10
1.198751760230341468e+00 7.593524160366531106e+00 -6.200813198549974060e+10
1.198751760230341468e+00 7.593524160366531106e+00 -6.200813198549974060e+10
1.198751760230341468e+00 7.593524160366531106e+00 -6.200813198549974060e+10
1.198751760230341468e+00 7.593524160366531106e+00 -6.200813198549974060e+10
1.198751760230341468e+00 7.593524160366531106e+00 -6.200813198549974060e+10
1.198751760230341468e+00 7.593524160366531106e+00 -6.200813198549974060e+10
1.198751760230341468e+00 7.593524160366531106e+00 -6.200813198549974060e+10
1.198751760230341468e+00 7.593524160366531106e+00 -6.200813198549974060e+10
1.198751760230341468e+00 7.593524160366531106e+00 -6.200813198549974060e+10
1.198751760230341468e+00 7.593524160366531106e+00 -6.200813198549974060e+10
1.198751760230341468e+00 7.593524160366531106e+00 -6.200813198549974060e+10
1.198751760230341468e+00 7.593524160366531106e+00 -6.200813198549974060e+10
1.198751760230341468e+00 7.593524160366531106e+00 -6.200813198549974060e+10
1.198751760230341468e+00 7.593524160366531106e+00 -6.200813198549974060e+10
1.198751760230341468e+00 7.593524160366531106e+00 -6.200813198549974060e+10
1.198751760230341468e+00 7.593524160366531106e+00 -6.200813198549974060e+10
1.198751760230341468e+00 7.593524160366531106e+00 -6.200813198549974060e+10
1.198751760230341468e+00 7.593524160366531106e+00 -6.200813198549974060e+10
1.198751760230341468e+00 7.593524160366531106e+00 -6.200813198549974060e+10
1.198751760230341468e+00 7.593524160366531106e+00 -6.200813198549974060e+10
1.198751760230341468e+00 7.593524160366531106e+00 -6.200813198549974060e+10
1.198751760230341468e+00 7.593524160366531106e+00 -6.200813198549974060e+10
1.198751760230341468e+00 7.593524160366531106e+00 -6.200813198549974060e+10
1.198751760230341468e+00 7.593524160366531106e+00 -6.200813198549974060e+10
1.198751760230341468e+00 7.593524160366531106e+00 -6.200813198549974060e+10
1.198751760230341468e+00 7.593524160366531106e+00 -6.200813198549974060e+10
1.198751760230341468e+00 7.593524160366531106e+00 -6.200813198549974060e+10
1.198751760230341468e+00 7.593524160366531106e+00 -6.200813198549974060e+10
1.198751760230341468e+00 7.593524160366531106e+00 -6.200813198549974060e+10
1.198751760230341468e+00 7.593524160366531106e+00 -6.200813198549974060e+10
1.198751760230341468e+00 7.593524160366531106e+00 -6.200813198549974060e+10
1.198751760230341468e+00 7.593524160366531106e+00 -6.200813198549974060e+10
1.199268796375742685e+00 8.122361971950160964e+00 -6.195481411517196655e+10
1.199268796375742685e+00 8.122361971950160964e+00 -6.195481411517196655e+10
1.199268796375742685e+00 8.122361971950160964e+00 -6.195481411517196655e+10
1.199268796375742685e+00 8.122361971950160964e+00 -6.195481411517196655e+10
1.199268796375742685e+00 8.122361971950160964e+00 -6.195481411517196655e+10
1.199268796375742685e+00 8.122361971950160964e+00 -6.195481411517196655e+10
1.199268796375742685e+00 8.122361971950160964e+00 -6.195481411517196655e+10
1.199268796375742685e+00 8.122361971950160964e+00 -6.195481411517196655e+10
1.199268796375742685e+00 8.122361971950160964e+00 -6.195481411517196655e+10
1.199268796375742685e+00 8.122361971950160964e+00 -6.195481411517196655e+10
1.199268796375742685e+00 8.122361971950160964e+00 -6.195481411517196655e+10
1.199268796375742685e+00 8.122361971950160964e+00 -6.195481411517196655e+10
1.199268796375742685e+00 8.122361971950160964e+00 -6.195481411517196655e+10
1.199268796375742685e+00 8.122361971950160964e+00 -6.195481411517196655e+10
1.199268796375742685e+00 8.122361971950160964e+00 -6.195481411517196655e+10
1.199268796375742685e+00 8.122361971950160964e+00 -6.195481411517196655e+10
1.199268796375742685e+00 8.122361971950160964e+00 -6.195481411517196655e+10
1.199268796375742685e+00 8.122361971950160964e+00 -6.195481411517196655e+10
1.199268796375742685e+00 8.122361971950160964e+00 -6.195481411517196655e+10
1.199268796375742685e+00 8.122361971950160964e+00 -6.195481411517196655e+10
1.199268796375742685e+00 8.122361971950160964e+00 -6.195481411517196655e+10
1.199268796375742685e+00 8.122361971950160964e+00 -6.195481411517196655e+10
1.199268796375742685e+00 8.122361971950160964e+00 -6.195481411517196655e+10
1.199268796375742685e+00 8.122361971950160964e+00 -6.195481411517196655e+10
1.199268796375742685e+00 8.122361971950160964e+00 -6.195481411517196655e+10
1.199268796375742685e+00 8.122361971950160964e+00 -6.195481411517196655e+10
1.199268796375742685e+00 8.122361971950160964e+00 -6.195481411517196655e+10
1.199268796375742685e+00 8.122361971950160964e+00 -6.195481411517196655e+10
1.199268796375742685e+00 8.122361971950160964e+00 -6.195481411517196655e+10
1.199268796375742685e+00 8.122361971950160964e+00 -6.195481411517196655e+10
1.199268796375742685e+00 8.122361971950160964e+00 -6.195481411517196655e+10
1.199268796375742685e+00 8.122361971950160964e+00 -6.195481411517196655e+10
1.199268796375742685e+00 8.122361971950160964e+00 -6.195481411517196655e+10
1.199268796375742685e+00 8.122361971950160964e+00 -6.195481411517196655e+10
1.199268796375742685e+00 8.122361971950160964e+00 -6.195481411517196655e+10
1.199268796375742685e+00 8.122361971950160964e+00 -6.195481411517196655e+10
1.199268796375742685e+00 8.122361971950160964e+00 -6.195481411517196655e+10
1.199268796375742685e+00 8.122361971950160964e+00 -6.195481411517196655e+10
1.199268796375742685e+00 8.122361971950160964e+00 -6.195481411517196655e+10
1.199268796375742685e+00 8.122361971950160964e+00 -6.195481411517196655e+10
1.199268796375742685e+00 8.122361971950160964e+00 -6.195481411517196655e+10
1.199268796375742685e+00 8.122361971950160964e+00 -6.195481411517196655e+10
1.199268796375742685e+00 8.122361971950160964e+00 -6.195481411517196655e+10
1.199268796375742685e+00 8.122361971950160964e+00 -6.195481411517196655e+10
1.199268796375742685e+00 8.122361971950160964e+00 -6.195481411517196655e+10
1.199268796375742685e+00 8.122361971950160964e+00 -6.195481411517196655e+10
1.199268796375742685e+00 8.122361971950160964e+00 -6.195481411517196655e+10
1.199268796375742685e+00 8.122361971950160964e+00 -6.195481411517196655e+10
1.199268796375742685e+00 8.122361971950160964e+00 -6.195481411517196655e+10
1.199268796375742685e+00 8.122361971950160964e+00 -6.195481411517196655e+10
1.199268796375742685e+00 8.122361971950160964e+00 -6.195481411517196655e+10
1.199268796375742685e+00 8.122361971950160964e+00 -6.195481411517196655e+10
1.199268796375742685e+00 8.122361971950160964e+00 -6.195481411517196655e+10
1.199268796375742685e+00 8.122361971950160964e+00 -6.195481411517196655e+10
1.199268796375742685e+00 8.122361971950160964e+00 -6.195481411517196655e+10
1.199268796375742685e+00 8.122361971950160964e+00 -6.195481411517196655e+10
1.199268796375742685e+00 8.122361971950160964e+00 -6.195481411517196655e+10
1.199268796375742685e+00 8.122361971950160964e+00 -6.195481411517196655e+10
1.199268796375742685e+00 8.122361971950160964e+00 -6.195481411517196655e+10
1.199268796375742685e+00 8.122361971950160964e+00 -6.195481411517196655e+10
1.199268796375742685e+00 8.122361971950160964e+00 -6.195481411517196655e+10
1.199268796375742685e+00 8.122361971950160964e+00 -6.195481411517196655e+10
1.199268796375742685e+00 8.122361971950160964e+00 -6.195481411517196655e+10
1.199268796375742685e+00 8.122361971950160964e+00 -6.195481411517196655e+10
1.199268796375742685e+00 8.122361971950160964e+00 -6.195481411517196655e+10
1.199268796375742685e+00 8.122361971950160964e+00 -6.195481411517196655e+10
1.199268796375742685e+00 8.122361971950160964e+00 -6.195481411517196655e+10
1.199268796375742685e+00 8.122361971950160964e+00 -6.195481411517196655e+10
1.199268796375742685e+00 8.122361971950160964e+00 -6.195481411517196655e+10
1.199268796375742685e+00 8.122361971950160964e+00 -6.195481411517196655e+10
1.199268796375742685e+00 8.122361971950160964e+00 -6.195481411517196655e+10
1.199268796375742685e+00 8.122361971950160964e+00 -6.195481411517196655e+10
1.199268796375742685e+00 8.122361971950160964e+00 -6.195481411517196655e+10
1.199268796375742685e+00 8.122361971950160964e+00 -6.195481411517196655e+10
1.199268796375742685e+00 8.122361971950160964e+00 -6.195481411517196655e+10
1.199268796375742685e+00 8.122361971950160964e+00 -6.195481411517196655e+10
1.199268796375742685e+00 8.122361971950160964e+00 -6.195481411517196655e+10
1.199268796375742685e+00 8.122361971950160964e+00 -6.195481411517196655e+10
1.199268796375742685e+00 8.122361971950160964e+00 -6.195481411517196655e+10
1.199268796375742685e+00 8.122361971950160964e+00 -6.195481411517196655e+10
1.199268796375742685e+00 8.122361971950160964e+00 -6.195481411517196655e+10
1.199268796375742685e+00 8.122361971950160964e+00 -6.195481411517196655e+10
1.199268796375742685e+00 8.122361971950160964e+00 -6.195481411517196655e+10
1.199268796375742685e+00 8.122361971950160964e+00 -6.195481411517196655e+10
1.199268796375742685e+00 8.122361971950160964e+00 -6.195481411517196655e+10
1.199268796375742685e+00 8.122361971950160964e+00 -6.195481411517196655e+10
1.199268796375742685e+00 8.122361971950160964e+00 -6.195481411517196655e+10
1.199268796375742685e+00 8.122361971950160964e+00 -6.195481411517196655e+10
1.199268796375742685e+00 8.122361971950160964e+00 -6.195481411517196655e+10
1.199268796375742685e+00 8.122361971950160964e+00 -6.195481411517196655e+10
1.199268796375742685e+00 8.122361971950160964e+00 -6.195481411517196655e+10
1.199268796375742685e+00 8.122361971950160964e+00 -6.195481411517196655e+10
1.199268796375742685e+00 8.122361971950160964e+00 -6.195481411517196655e+10
1.199268796375742685e+00 8.122361971950160964e+00 -6.195481411517196655e+10
1.199268796375742685e+00 8.122361971950160964e+00 -6.195481411517196655e+10
1.199268796375742685e+00 8.122361971950160964e+00 -6.195481411517196655e+10
1.199268796375742685e+00 8.122361971950160964e+00 -6.195481411517196655e+10
1.199268796375742685e+00 8.122361971950160964e+00 -6.195481411517196655e+10
1.199268796375742685e+00 8.122361971950160964e+00 -6.195481411517196655e+10
1.199268796375742685e+00 8.122361971950160964e+00 -6.195481411517196655e+10
1.199268796375742685e+00 8.122361971950160964e+00 -6.195481411517196655e+10
1.199268796375742685e+00 8.122361971950160964e+00 -6.195481411517196655e+10
1.199268796375742685e+00 8.122361971950160964e+00 -6.195481411517196655e+10
1.199268796375742685e+00 8.122361971950160964e+00 -6.195481411517196655e+10
1.199268796375742685e+00 8.122361971950160964e+00 -6.195481411517196655e+10
1.199268796375742685e+00 8.122361971950160964e+00 -6.195481411517196655e+10
1.199268796375742685e+00 8.122361971950160964e+00 -6.195481411517196655e+10
1.199268796375742685e+00 8.122361971950160964e+00 -6.195481411517196655e+10
1.199268796375742685e+00 8.122361971950160964e+00 -6.195481411517196655e+10
1.199268796375742685e+00 8.122361971950160964e+00 -6.195481411517196655e+10
1.199268796375742685e+00 8.122361971950160964e+00 -6.195481411517196655e+10
1.199268796375742685e+00 8.122361971950160964e+00 -6.195481411517196655e+10
1.199268796375742685e+00 8.122361971950160964e+00 -6.195481411517196655e+10
1.199268796375742685e+00 8.122361971950160964e+00 -6.195481411517196655e+10
1.199268796375742685e+00 8.122361971950160964e+00 -6.195481411517196655e+10
1.199268796375742685e+00 8.122361971950160964e+00 -6.195481411517196655e+10
1.199268796375742685e+00 8.122361971950160964e+00 -6.195481411517196655e+10
1.199268796375742685e+00 8.122361971950160964e+00 -6.195481411517196655e+10
1.199268796375742685e+00 8.122361971950160964e+00 -6.195481411517196655e+10
1.199275736075982701e+00 8.758555701713211405e+00 -6.195410000540351868e+10
1.199275736075982701e+00 8.758555701713211405e+00 -6.195410000540351868e+10
1.199275736075982701e+00 8.758555701713211405e+00 -6.195410000540351868e+10
1.199275736075982701e+00 8.758555701713211405e+00 -6.195410000540351868e+10
1.199275736075982701e+00 8.758555701713211405e+00 -6.195410000540351868e+10
1.199275736075982701e+00 8.758555701713211405e+00 -6.195410000540351868e+10
1.199275736075982701e+00 8.758555701713211405e+00 -6.195410000540351868e+10
1.199275736075982701e+00 8.758555701713211405e+00 -6.195410000540351868e+10
1.199275736075982701e+00 8.758555701713211405e+00 -6.195410000540351868e+10
1.199275736075982701e+00 8.758555701713211405e+00 -6.195410000540351868e+10
1.199275736075982701e+00 8.758555701713211405e+00 -6.195410000540351868e+10
1.199275736075982701e+00 8.758555701713211405e+00 -6.195410000540351868e+10
1.199275736075982701e+00 8.758555701713211405e+00 -6.195410000540351868e+10
1.199275736075982701e+00 8.758555701713211405e+00 -6.195410000540351868e+10
1.199275736075982701e+00 8.758555701713211405e+00 -6.195410000540351868e+10
1.199275736075982701e+00 8.758555701713211405e+00 -6.195410000540351868e+10
1.199275736075982701e+00 8.758555701713211405e+00 -6.195410000540351868e+10
1.199275736075982701e+00 8.758555701713211405e+00 -6.195410000540351868e+10
1.199275736075982701e+00 8.758555701713211405e+00 -6.195410000540351868e+10
1.199275736075982701e+00 8.758555701713211405e+00 -6.195410000540351868e+10
1.199275736075982701e+00 8.758555701713211405e+00 -6.195410000540351868e+10
1.199275736075982701e+00 8.758555701713211405e+00 -6.195410000540351868e+10
1.199275736075982701e+00 8.758555701713211405e+00 -6.195410000540351868e+10
1.199275736075982701e+00 8.758555701713211405e+00 -6.195410000540351868e+10
1.199275736075982701e+00 8.758555701713211405e+00 -6.195410000540351868e+10
1.199275736075982701e+00 8.758555701713211405e+00 -6.195410000540351868e+10
1.199275736075982701e+00 8.758555701713211405e+00 -6.195410000540351868e+10
1.199275736075982701e+00 8.758555701713211405e+00 -6.195410000540351868e+10
1.199275736075982701e+00 8.758555701713211405e+00 -6.195410000540351868e+10
1.199275736075982701e+00 8.758555701713211405e+00 -6.195410000540351868e+10
1.199275736075982701e+00 8.758555701713211405e+00 -6.195410000540351868e+10
1.199275736075982701e+00 8.758555701713211405e+00 -6.195410000540351868e+10
1.199275736075982701e+00 8.758555701713211405e+00 -6.195410000540351868e+10
1.199275736075982701e+00 8.758555701713211405e+00 -6.195410000540351868e+10
1.199275736075982701e+00 8.758555701713211405e+00 -6.195410000540351868e+10
1.199275736075982701e+00 8.758555701713211405e+00 -6.195410000540351868e+10
1.199275736075982701e+00 8.758555701713211405e+00 -6.195410000540351868e+10
1.199275736075982701e+00 8.758555701713211405e+00 -6.195410000540351868e+10
1.199275736075982701e+00 8.758555701713211405e+00 -6.195410000540351868e+10
1.199275736075982701e+00 8.758555701713211405e+00 -6.195410000540351868e+10
1.199275736075982701e+00 8.758555701713211405e+00 -6.195410000540351868e+10
1.199275736075982701e+00 8.758555701713211405e+00 -6.195410000540351868e+10
1.199275736075982701e+00 8.758555701713211405e+00 -6.195410000540351868e+10
1.199275736075982701e+00 8.758555701713211405e+00 -6.195410000540351868e+10
1.199275736075982701e+00 8.758555701713211405e+00 -6.195410000540351868e+10
1.199275736075982701e+00 8.758555701713211405e+00 -6.195410000540351868e+10
1.199275736075982701e+00 8.758555701713211405e+00 -6.195410000540351868e+10
1.199275736075982701e+00 8.758555701713211405e+00 -6.195410000540351868e+10
1.199275736075982701e+00 8.758555701713211405e+00 -6.195410000540351868e+10
1.199275736075982701e+00 8.758555701713211405e+00 -6.195410000540351868e+10
1.199275736075982701e+00 8.758555701713211405e+00 -6.195410000540351868e+10
1.199275736075982701e+00 8.758555701713211405e+00 -6.195410000540351868e+10
1.199275736075982701e+00 8.758555701713211405e+00 -6.195410000540351868e+10
1.199275736075982701e+00 8.758555701713211405e+00 -6.195410000540351868e+10
1.199275736075982701e+00 8.758555701713211405e+00 -6.195410000540351868e+10
1.199275736075982701e+00 8.758555701713211405e+00 -6.195410000540351868e+10
1.199275736075982701e+00 8.758555701713211405e+00 -6.195410000540351868e+10
1.199275736075982701e+00 8.758555701713211405e+00 -6.195410000540351868e+10
1.199275736075982701e+00 8.758555701713211405e+00 -6.195410000540351868e+10
1.199275736075982701e+00 8.758555701713211405e+00 -6.195410000540351868e+10
1.199275736075982701e+00 8.758555701713211405e+00 -6.195410000540351868e+10
1.199275736075982701e+00 8.758555701713211405e+00 -6.195410000540351868e+10
1.199275736075982701e+00 8.758555701713211405e+00 -6.195410000540351868e+10
1.199275736075982701e+00 8.758555701713211405e+00 -6.195410000540351868e+10
1.199275736075982701e+00 8.758555701713211405e+00 -6.195410000540351868e+10
1.199275736075982701e+00 8.758555701713211405e+00 -6.195410000540351868e+10
1.199275736075982701e+00 8.758555701713211405e+00 -6.195410000540351868e+10
1.199275736075982701e+00 8.758555701713211405e+00 -6.195410000540351868e+10
1.199275736075982701e+00 8.758555701713211405e+00 -6.195410000540351868e+10
1.199275736075982701e+00 8.758555701713211405e+00 -6.195410000540351868e+10
1.199275736075982701e+00 8.758555701713211405e+00 -6.195410000540351868e+10
1.199275736075982701e+00 8.758555701713211405e+00 -6.195410000540351868e+10
1.199275736075982701e+00 8.758555701713211405e+00 -6.195410000540351868e+10
1.199275736075982701e+00 8.758555701713211405e+00 -6.195410000540351868e+10
1.199275736075982701e+00 8.758555701713211405e+00 -6.195410000540351868e+10
1.199275736075982701e+00 8.758555701713211405e+00 -6.195410000540351868e+10
1.199275736075982701e+00 8.758555701713211405e+00 -6.195410000540351868e+10
1.199275736075982701e+00 8.758555701713211405e+00 -6.195410000540351868e+10
1.199275736075982701e+00 8.758555701713211405e+00 -6.195410000540351868e+10
1.199275736075982701e+00 8.758555701713211405e+00 -6.195410000540351868e+10
1.199275736075982701e+00 8.758555701713211405e+00 -6.195410000540351868e+10
1.199275736075982701e+00 8.758555701713211405e+00 -6.195410000540351868e+10
1.199275736075982701e+00 8.758555701713211405e+00 -6.195410000540351868e+10
1.199275736075982701e+00 8.758555701713211405e+00 -6.195410000540351868e+10
1.199275736075982701e+00 8.758555701713211405e+00 -6.195410000540351868e+10
1.199275736075982701e+00 8.758555701713211405e+00 -6.195410000540351868e+10
1.199275736075982701e+00 8.758555701713211405e+00 -6.195410000540351868e+10
1.199275736075982701e+00 8.758555701713211405e+00 -6.195410000540351868e+10
1.199275736075982701e+00 8.758555701713211405e+00 -6.195410000540351868e+10
1.199275736075982701e+00 8.758555701713211405e+00 -6.195410000540351868e+10
1.199275736075982701e+00 8.758555701713211405e+00 -6.195410000540351868e+10
1.199275736075982701e+00 8.758555701713211405e+00 -6.195410000540351868e+10
1.199275736075982701e+00 8.758555701713211405e+00 -6.195410000540351868e+10
1.199275736075982701e+00 8.758555701713211405e+00 -6.195410000540351868e+10
1.199275736075982701e+00 8.758555701713211405e+00 -6.195410000540351868e+10
1.199275736075982701e+00 8.758555701713211405e+00 -6.195410000540351868e+10
1.199275736075982701e+00 8.758555701713211405e+00 -6.195410000540351868e+10
1.199275736075982701e+00 8.758555701713211405e+00 -6.195410000540351868e+10
1.199275736075982701e+00 8.758555701713211405e+00 -6.195410000540351868e+10
1.199275736075982701e+00 8.758555701713211405e+00 -6.195410000540351868e+10
1.199275736075982701e+00 8.758555701713211405e+00 -6.195410000540351868e+10
1.199275736075982701e+00 8.758555701713211405e+00 -6.195410000540351868e+10
1.199275736075982701e+00 8.758555701713211405e+00 -6.195410000540351868e+10
1.199275736075982701e+00 8.758555701713211405e+00 -6.195410000540351868e+10
1.199275736075982701e+00 8.758555701713211405e+00 -6.195410000540351868e+10
1.199275736075982701e+00 8.758555701713211405e+00 -6.195410000540351868e+10
1.199275736075982701e+00 8.758555701713211405e+00 -6.195410000540351868e+10
1.199275736075982701e+00 8.758555701713211405e+00 -6.195410000540351868e+10
1.199275736075982701e+00 8.758555701713211405e+00 -6.195410000540351868e+10
1.199275736075982701e+00 8.758555701713211405e+00 -6.195410000540351868e+10
1.199275736075982701e+00 8.758555701713211405e+00 -6.195410000540351868e+10
1.199275736075982701e+00 8.758555701713211405e+00 -6.195410000540351868e+10
1.199275736075982701e+00 8.758555701713211405e+00 -6.195410000540351868e+10
1.199275736075982701e+00 8.758555701713211405e+00 -6.195410000540351868e+10
1.199275736075982701e+00 8.758555701713211405e+00 -6.195410000540351868e+10
1.199275736075982701e+00 8.758555701713211405e+00 -6.195410000540351868e+10
1.199275736075982701e+00 8.758555701713211405e+00 -6.195410000540351868e+10
1.199275736075982701e+00 8.758555701713211405e+00 -6.195410000540351868e+10
1.199275736075982701e+00 8.758555701713211405e+00 -6.195410000540351868e+10
1.199275736075982701e+00 8.758555701713211405e+00 -6.195410000540351868e+10
1.199275736075982701e+00 8.758555701713211405e+00 -6.195410000540351868e+10
1.199275736075982701e+00 8.758555701713211405e+00 -6.195410000540351868e+10
1.199275736075982701e+00 8.758555701713211405e+00 -6.195410000540351868e+10
1.199275736075982701e+00 8.758555701713211405e+00 -6.195410000540351868e+10
1.199275736075982701e+00 8.758555701713211405e+00 -6.195410000540351868e+10
1.199275736075982701e+00 8.758555701713211405e+00 -6.195410000540351868e+10
1.199275736075982701e+00 8.758555701713211405e+00 -6.195410000540351868e+10
1.199275736075982701e+00 8.758555701713211405e+00 -6.195410000540351868e+10
1.199275736075982701e+00 8.758555701713211405e+00 -6.195410000540351868e+10
1.199275736075982701e+00 8.758555701713211405e+00 -6.195410000540351868e+10
1.199275736075982701e+00 8.758555701713211405e+00 -6.195410000540351868e+10
1.199275736075982701e+00 8.758555701713211405e+00 -6.195410000540351868e+10
1.199275736075982701e+00 8.758555701713211405e+00 -6.195410000540351868e+10
1.199275736075982701e+00 8.758555701713211405e+00 -6.195410000540351868e+10
1.199275736075982701e+00 8.758555701713211405e+00 -6.195410000540351868e+10
1.199275736075982701e+00 8.758555701713211405e+00 -6.195410000540351868e+10
1.199275736075982701e+00 8.758555701713211405e+00 -6.195410000540351868e+10
1.199275736075982701e+00 8.758555701713211405e+00 -6.195410000540351868e+10
1.199275736075982701e+00 8.758555701713211405e+00 -6.195410000540351868e+10
1.199275736075982701e+00 8.758555701713211405e+00 -6.195410000540351868e+10
1.199275736075982701e+00 8.758555701713211405e+00 -6.195410000540351868e+10
1.199275736075982701e+00 8.758555701713211405e+00 -6.195410000540351868e+10
1.199275736075982701e+00 8.758555701713211405e+00 -6.195410000540351868e+10
1.199275736075982701e+00 8.758555701713211405e+00 -6.195410000540351868e+10
1.199275736075982701e+00 8.758555701713211405e+00 -6.195410000540351868e+10
1.199275736075982701e+00 8.758555701713211405e+00 -6.195410000540351868e+10
1.199275736075982701e+00 8.758555701713211405e+00 -6.195410000540351868e+10
1.199275736075982701e+00 8.758555701713211405e+00 -6.195410000540351868e+10
1.199275736075982701e+00 8.758555701713211405e+00 -6.195410000540351868e+10
1.199275736075982701e+00 8.758555701713211405e+00 -6.195410000540351868e+10
1.199275736075982701e+00 8.758555701713211405e+00 -6.195410000540351868e+10
1.199275736075982701e+00 8.758555701713211405e+00 -6.195410000540351868e+10
1.199275736075982701e+00 8.758555701713211405e+00 -6.195410000540351868e+10
1.199275736075982701e+00 8.758555701713211405e+00 -6.195410000540351868e+10
1.199275736075982701e+00 8.758555701713211405e+00 -6.195410000540351868e+10
1.199275736075982701e+00 8.758555701713211405e+00 -6.195410000540351868e+10
1.199275736075982701e+00 8.758555701713211405e+00 -6.195410000540351868e+10
1.199275736075982701e+00 8.758555701713211405e+00 -6.195410000540351868e+10
1.199275736075982701e+00 8.758555701713211405e+00 -6.195410000540351868e+10
1.199275736075982701e+00 8.758555701713211405e+00 -6.195410000540351868e+10
1.199275736075982701e+00 8.758555701713211405e+00 -6.195410000540351868e+10
1.199275736075982701e+00 8.758555701713211405e+00 -6.195410000540351868e+10
1.199275736075982701e+00 8.758555701713211405e+00 -6.195410000540351868e+10
1.199275736075982701e+00 8.758555701713211405e+00 -6.195410000540351868e+10
1.199275736075982701e+00 8.758555701713211405e+00 -6.195410000540351868e+10
1.199275736075982701e+00 8.758555701713211405e+00 -6.195410000540351868e+10
1.199275736075982701e+00 8.758555701713211405e+00 -6.195410000540351868e+10
1.199275736075982701e+00 8.758555701713211405e+00 -6.195410000540351868e+10
1.199275736075982701e+00 8.758555701713211405e+00 -6.195410000540351868e+10
1.199275736075982701e+00 8.758555701713211405e+00 -6.195410000540351868e+10
1.199275736075982701e+00 8.758555701713211405e+00 -6.195410000540351868e+10
1.199275736075982701e+00 8.758555701713211405e+00 -6.195410000540351868e+10
1.199275736075982701e+00 8.758555701713211405e+00 -6.195410000540351868e+10
1.199275736075982701e+00 8.758555701713211405e+00 -6.195410000540351868e+10
1.199275736075982701e+00 8.758555701713211405e+00 -6.195410000540351868e+10
1.199275736075982701e+00 8.758555701713211405e+00 -6.195410000540351868e+10
1.199275736075982701e+00 8.758555701713211405e+00 -6.195410000540351868e+10
1.199275736075982701e+00 8.758555701713211405e+00 -6.195410000540351868e+10
1.199275736075982701e+00 8.758555701713211405e+00 -6.195410000540351868e+10
1.199275736075982701e+00 8.758555701713211405e+00 -6.195410000540351868e+10
1.199275736075982701e+00 8.758555701713211405e+00 -6.195410000540351868e+10
1.199275736075982701e+00 8.758555701713211405e+00 -6.195410000540351868e+10
1.199275736075982701e+00 8.758555701713211405e+00 -6.195410000540351868e+10
1.199275736075982701e+00 8.758555701713211405e+00 -6.195410000540351868e+10
1.199275736075982701e+00 8.758555701713211405e+00 -6.195410000540351868e+10
1.199275736075982701e+00 8.758555701713211405e+00 -6.195410000540351868e+10
1.199275736075982701e+00 8.758555701713211405e+00 -6.195410000540351868e+10
1.199275736075982701e+00 8.758555701713211405e+00 -6.195410000540351868e+10
1.199275736075982701e+00 8.758555701713211405e+00 -6.195410000540351868e+10
1.199275736075982701e+00 8.758555701713211405e+00 -6.195410000540351868e+10
1.199275736075982701e+00 8.758555701713211405e+00 -6.195410000540351868e+10
1.199275736075982701e+00 8.758555701713211405e+00 -6.195410000540351868e+10
1.199275736075982701e+00 8.758555701713211405e+00 -6.195410000540351868e+10
1.199275736075982701e+00 8.758555701713211405e+00 -6.195410000540351868e+10
1.199275736075982701e+00 8.758555701713211405e+00 -6.195410000540351868e+10
1.199275736075982701e+00 8.758555701713211405e+00 -6.195410000540351868e+10
1.199275736075982701e+00 8.758555701713211405e+00 -6.195410000540351868e+10
1.199275736075982701e+00 8.758555701713211405e+00 -6.195410000540351868e+10
1.199275736075982701e+00 8.758555701713211405e+00 -6.195410000540351868e+10
1.199275736075982701e+00 8.758555701713211405e+00 -6.195410000540351868e+10
1.199275736075982701e+00 8.758555701713211405e+00 -6.195410000540351868e+10
1.199275736075982701e+00 8.758555701713211405e+00 -6.195410000540351868e+10
1.199275736075982701e+00 8.758555701713211405e+00 -6.195410000540351868e+10
1.199275736075982701e+00 8.758555701713211405e+00 -6.195410000540351868e+10
1.199275736075982701e+00 8.758555701713211405e+00 -6.195410000540351868e+10
1.199275736075982701e+00 8.758555701713211405e+00 -6.195410000540351868e+10
1.199275736075982701e+00 8.758555701713211405e+00 -6.195410000540351868e+10
1.199275736075982701e+00 8.758555701713211405e+00 -6.195410000540351868e+10
1.199275736075982701e+00 8.758555701713211405e+00 -6.195410000540351868e+10
1.199275736075982701e+00 8.758555701713211405e+00 -6.195410000540351868e+10
1.199275736075982701e+00 8.758555701713211405e+00 -6.195410000540351868e+10
1.199275736075982701e+00 8.758555701713211405e+00 -6.195410000540351868e+10
1.199275736075982701e+00 8.758555701713211405e+00 -6.195410000540351868e+10
1.199275736075982701e+00 8.758555701713211405e+00 -6.195410000540351868e+10
1.199275736075982701e+00 8.758555701713211405e+00 -6.195410000540351868e+10
1.199275736075982701e+00 8.758555701713211405e+00 -6.195410000540351868e+10
1.199275736075982701e+00 8.758555701713211405e+00 -6.195410000540351868e+10
1.199275736075982701e+00 8.758555701713211405e+00 -6.195410000540351868e+10
1.199275736075982701e+00 8.758555701713211405e+00 -6.195410000540351868e+10
1.199275736075982701e+00 8.758555701713211405e+00 -6.195410000540351868e+10
1.199275736075982701e+00 8.758555701713211405e+00 -6.195410000540351868e+10
1.199275736075982701e+00 8.758555701713211405e+00 -6.195410000540351868e+10
1.199275736075982701e+00 8.758555701713211405e+00 -6.195410000540351868e+10
1.199275736075982701e+00 8.758555701713211405e+00 -6.195410000540351868e+10
1.199275736075982701e+00 8.758555701713211405e+00 -6.195410000540351868e+10
1.199275736075982701e+00 8.758555701713211405e+00 -6.195410000540351868e+10
1.199275736075982701e+00 8.758555701713211405e+00 -6.195410000540351868e+10
1.199275736075982701e+00 8.758555701713211405e+00 -6.195410000540351868e+10
1.199275736075982701e+00 8.758555701713211405e+00 -6.195410000540351868e+10
1.199275736075982701e+00 8.758555701713211405e+00 -6.195410000540351868e+10
1.199275736075982701e+00 8.758555701713211405e+00 -6.195410000540351868e+10
1.199275736075982701e+00 8.758555701713211405e+00 -6.195410000540351868e+10
1.199275736075982701e+00 8.758555701713211405e+00 -6.195410000540351868e+10
1.199275736075982701e+00 8.758555701713211405e+00 -6.195410000540351868e+10
1.199275736075982701e+00 8.758555701713211405e+00 -6.195410000540351868e+10
1.199275736075982701e+00 8.758555701713211405e+00 -6.195410000540351868e+10
1.199275736075982701e+00 8.758555701713211405e+00 -6.195410000540351868e+10
1.199275736075982701e+00 8.758555701713211405e+00 -6.195410000540351868e+10
1.199275736075982701e+00 8.758555701713211405e+00 -6.195410000540351868e+10
1.199275736075982701e+00 8.758555701713211405e+00 -6.195410000540351868e+10
1.199275736075982701e+00 8.758555701713211405e+00 -6.195410000540351868e+10
1.199275736075982701e+00 8.758555701713211405e+00 -6.195410000540351868e+10
1.199275736075982701e+00 8.758555701713211405e+00 -6.195410000540351868e+10
1.199275736075982701e+00 8.758555701713211405e+00 -6.195410000540351868e+10
1.199275736075982701e+00 8.758555701713211405e+00 -6.195410000540351868e+10
1.199275736075982701e+00 8.758555701713211405e+00 -6.195410000540351868e+10
1.199275736075982701e+00 8.758555701713211405e+00 -6.195410000540351868e+10
1.199275736075982701e+00 8.758555701713211405e+00 -6.195410000540351868e+10
1.199275736075982701e+00 8.758555701713211405e+00 -6.195410000540351868e+10
1.199275736075982701e+00 8.758555701713211405e+00 -6.195410000540351868e+10
1.199275736075982701e+00 8.758555701713211405e+00 -6.195410000540351868e+10
1.199275736075982701e+00 8.758555701713211405e+00 -6.195410000540351868e+10
1.199275736075982701e+00 8.758555701713211405e+00 -6.195410000540351868e+10
1.199275736075982701e+00 8.758555701713211405e+00 -6.195410000540351868e+10
1.199275736075982701e+00 8.758555701713211405e+00 -6.195410000540351868e+10
1.199275736075982701e+00 8.758555701713211405e+00 -6.195410000540351868e+10
1.199275736075982701e+00 8.758555701713211405e+00 -6.195410000540351868e+10
1.199275736075982701e+00 8.758555701713211405e+00 -6.195410000540351868e+10
1.199275736075982701e+00 8.758555701713211405e+00 -6.195410000540351868e+10
1.199275736075982701e+00 8.758555701713211405e+00 -6.195410000540351868e+10
1.199275736075982701e+00 8.758555701713211405e+00 -6.195410000540351868e+10
1.199275736075982701e+00 8.758555701713211405e+00 -6.195410000540351868e+10
1.199275736075982701e+00 8.758555701713211405e+00 -6.195410000540351868e+10
1.199275736075982701e+00 8.758555701713211405e+00 -6.195410000540351868e+10
1.199275736075982701e+00 8.758555701713211405e+00 -6.195410000540351868e+10
1.199275736075982701e+00 8.758555701713211405e+00 -6.195410000540351868e+10
1.199275736075982701e+00 8.758555701713211405e+00 -6.195410000540351868e+10
1.199275736075982701e+00 8.758555701713211405e+00 -6.195410000540351868e+10
1.199275736075982701e+00 8.758555701713211405e+00 -6.195410000540351868e+10
1.199275736075982701e+00 8.758555701713211405e+00 -6.195410000540351868e+10
1.199275736075982701e+00 8.758555701713211405e+00 -6.195410000540351868e+10
1.199275736075982701e+00 8.758555701713211405e+00 -6.195410000540351868e+10
1.199275736075982701e+00 8.758555701713211405e+00 -6.195410000540351868e+10
1.199275736075982701e+00 8.758555701713211405e+00 -6.195410000540351868e+10
1.199275736075982701e+00 8.758555701713211405e+00 -6.195410000540351868e+10
1.199275736075982701e+00 8.758555701713211405e+00 -6.195410000540351868e+10
1.199275736075982701e+00 8.758555701713211405e+00 -6.195410000540351868e+10
1.199275736075982701e+00 8.758555701713211405e+00 -6.195410000540351868e+10
1.199275736075982701e+00 8.758555701713211405e+00 -6.195410000540351868e+10
1.199275736075982701e+00 8.758555701713211405e+00 -6.195410000540351868e+10
1.199275736075982701e+00 8.758555701713211405e+00 -6.195410000540351868e+10
1.199275736075982701e+00 8.758555701713211405e+00 -6.195410000540351868e+10
1.199275736075982701e+00 8.758555701713211405e+00 -6.195410000540351868e+10
1.199275736075982701e+00 8.758555701713211405e+00 -6.195410000540351868e+10
1.199275736075982701e+00 8.758555701713211405e+00 -6.195410000540351868e+10
1.199275736075982701e+00 8.758555701713211405e+00 -6.195410000540351868e+10
1.199275736075982701e+00 8.758555701713211405e+00 -6.195410000540351868e+10
1.199275736075982701e+00 8.758555701713211405e+00 -6.195410000540351868e+10
1.199275736075982701e+00 8.758555701713211405e+00 -6.195410000540351868e+10
1.199275736075982701e+00 8.758555701713211405e+00 -6.195410000540351868e+10
1.199275736075982701e+00 8.758555701713211405e+00 -6.195410000540351868e+10
1.199275736075982701e+00 8.758555701713211405e+00 -6.195410000540351868e+10
1.199275736075982701e+00 8.758555701713211405e+00 -6.195410000540351868e+10
1.199275736075982701e+00 8.758555701713211405e+00 -6.195410000540351868e+10
1.199275736075982701e+00 8.758555701713211405e+00 -6.195410000540351868e+10
1.199275736075982701e+00 8.758555701713211405e+00 -6.195410000540351868e+10
1.199275736075982701e+00 8.758555701713211405e+00 -6.195410000540351868e+10
1.199275736075982701e+00 8.758555701713211405e+00 -6.195410000540351868e+10
1.199275736075982701e+00 8.758555701713211405e+00 -6.195410000540351868e+10
1.199275736075982701e+00 8.758555701713211405e+00 -6.195410000540351868e+10
1.199275736075982701e+00 8.758555701713211405e+00 -6.195410000540351868e+10
1.199275736075982701e+00 8.758555701713211405e+00 -6.195410000540351868e+10
1.199275736075982701e+00 8.758555701713211405e+00 -6.195410000540351868e+10
1.199275736075982701e+00 8.758555701713211405e+00 -6.195410000540351868e+10
1.199275736075982701e+00 8.758555701713211405e+00 -6.195410000540351868e+10
1.199275736075982701e+00 8.758555701713211405e+00 -6.195410000540351868e+10
1.199275736075982701e+00 8.758555701713211405e+00 -6.195410000540351868e+10
1.199275736075982701e+00 8.758555701713211405e+00 -6.195410000540351868e+10
1.199275736075982701e+00 8.758555701713211405e+00 -6.195410000540351868e+10
1.199275736075982701e+00 8.758555701713211405e+00 -6.195410000540351868e+10
1.199275736075982701e+00 8.758555701713211405e+00 -6.195410000540351868e+10
1.199275736075982701e+00 8.758555701713211405e+00 -6.195410000540351868e+10
1.199275736075982701e+00 8.758555701713211405e+00 -6.195410000540351868e+10
1.199275736075982701e+00 8.758555701713211405e+00 -6.195410000540351868e+10
1.199275736075982701e+00 8.758555701713211405e+00 -6.195410000540351868e+10
1.199275736075982701e+00 8.758555701713211405e+00 -6.195410000540351868e+10
1.199275736075982701e+00 8.758555701713211405e+00 -6.195410000540351868e+10
1.199275736075982701e+00 8.758555701713211405e+00 -6.195410000540351868e+10
1.199275736075982701e+00 8.758555701713211405e+00 -6.195410000540351868e+10
1.199275736075982701e+00 8.758555701713211405e+00 -6.195410000540351868e+10
1.199275736075982701e+00 8.758555701713211405e+00 -6.195410000540351868e+10
1.199275736075982701e+00 8.758555701713211405e+00 -6.195410000540351868e+10
1.199275736075982701e+00 8.758555701713211405e+00 -6.195410000540351868e+10
1.199275736075982701e+00 8.758555701713211405e+00 -6.195410000540351868e+10
1.199275736075982701e+00 8.758555701713211405e+00 -6.195410000540351868e+10
1.199275736075982701e+00 8.758555701713211405e+00 -6.195410000540351868e+10
1.199275736075982701e+00 8.758555701713211405e+00 -6.195410000540351868e+10
1.199275736075982701e+00 8.758555701713211405e+00 -6.195410000540351868e+10
1.199275736075982701e+00 8.758555701713211405e+00 -6.195410000540351868e+10
1.199275736075982701e+00 8.758555701713211405e+00 -6.195410000540351868e+10
